component,carrier,location,bus_carrier,0
Generator,biogas,EU,biogas,0.0
Generator,gas,EU,gas,257073479.42513
Generator,load,AL0 0,AC,51.33606
Generator,load,AL0 0,EV battery,55.19324
Generator,load,AL0 0,H2,54.29048
Generator,load,AL0 0,battery,53.16577
Generator,load,AL0 0,home battery,54.30401
Generator,load,AL0 0,low voltage,51.5987
Generator,load,AL0 0,residential rural heat,0.0
Generator,load,AL0 0,residential urban decentral heat,0.12295
Generator,load,AL0 0,services rural heat,0.0
Generator,load,AL0 0,services urban decentral heat,0.18657
Generator,load,AL0 0,urban central heat,0.0
Generator,load,AT0 0,AC,52.21556
Generator,load,AT0 0,EV battery,58.10902
Generator,load,AT0 0,H2,54.32742
Generator,load,AT0 0,battery,53.96641
Generator,load,AT0 0,home battery,55.42467
Generator,load,AT0 0,low voltage,52.96761
Generator,load,AT0 0,residential rural heat,0.11868
Generator,load,AT0 0,residential urban decentral heat,3.06803
Generator,load,AT0 0,services rural heat,0.11745
Generator,load,AT0 0,services urban decentral heat,2.74972
Generator,load,AT0 0,urban central heat,0.0
Generator,load,BA0 0,AC,51.89891
Generator,load,BA0 0,EV battery,56.05168
Generator,load,BA0 0,H2,54.30181
Generator,load,BA0 0,battery,53.52933
Generator,load,BA0 0,home battery,54.66376
Generator,load,BA0 0,low voltage,52.3814
Generator,load,BA0 0,residential rural heat,0.0
Generator,load,BA0 0,residential urban decentral heat,0.38408
Generator,load,BA0 0,services rural heat,0.0
Generator,load,BA0 0,services urban decentral heat,0.41222
Generator,load,BA0 0,urban central heat,0.0
Generator,load,BE0 0,AC,41.51535
Generator,load,BE0 0,EV battery,58.33845
Generator,load,BE0 0,H2,54.38462
Generator,load,BE0 0,battery,45.49754
Generator,load,BE0 0,home battery,50.29082
Generator,load,BE0 0,low voltage,42.10695
Generator,load,BE0 0,residential rural heat,0.0
Generator,load,BE0 0,residential urban decentral heat,0.549
Generator,load,BE0 0,services rural heat,0.0
Generator,load,BE0 0,services urban decentral heat,0.45758
Generator,load,BE0 0,urban central heat,0.0
Generator,load,BG0 0,AC,44.23744
Generator,load,BG0 0,EV battery,57.04991
Generator,load,BG0 0,H2,54.31311
Generator,load,BG0 0,battery,49.62163
Generator,load,BG0 0,home battery,49.94646
Generator,load,BG0 0,low voltage,42.84218
Generator,load,BG0 0,residential rural heat,0.0
Generator,load,BG0 0,residential urban decentral heat,0.50863
Generator,load,BG0 0,services rural heat,0.0
Generator,load,BG0 0,services urban decentral heat,0.41826
Generator,load,BG0 0,urban central heat,0.0
Generator,load,CH0 0,AC,43.94978
Generator,load,CH0 0,EV battery,57.4322
Generator,load,CH0 0,H2,54.31978
Generator,load,CH0 0,battery,49.22064
Generator,load,CH0 0,home battery,49.68361
Generator,load,CH0 0,low voltage,43.14079
Generator,load,CH0 0,residential rural heat,0.59425
Generator,load,CH0 0,residential urban decentral heat,4.38374
Generator,load,CH0 0,services rural heat,0.58359
Generator,load,CH0 0,services urban decentral heat,4.7419
Generator,load,CH0 0,urban central heat,0.0
Generator,load,CZ0 0,AC,43.95265
Generator,load,CZ0 0,EV battery,57.82367
Generator,load,CZ0 0,H2,54.36899
Generator,load,CZ0 0,battery,44.09962
Generator,load,CZ0 0,home battery,49.59926
Generator,load,CZ0 0,low voltage,43.0767
Generator,load,CZ0 0,residential rural heat,0.10369
Generator,load,CZ0 0,residential urban decentral heat,2.27805
Generator,load,CZ0 0,services rural heat,0.1028
Generator,load,CZ0 0,services urban decentral heat,1.41895
Generator,load,CZ0 0,urban central heat,0.0
Generator,load,DE0 0,AC,43.96786
Generator,load,DE0 0,EV battery,57.51517
Generator,load,DE0 0,H2,54.37825
Generator,load,DE0 0,battery,49.24625
Generator,load,DE0 0,home battery,50.02859
Generator,load,DE0 0,low voltage,43.34103
Generator,load,DE0 0,residential rural heat,0.0
Generator,load,DE0 0,residential urban decentral heat,1.12071
Generator,load,DE0 0,services rural heat,0.0
Generator,load,DE0 0,services urban decentral heat,1.1239
Generator,load,DE0 0,urban central heat,0.0
Generator,load,DE0 1,AC,44.09432
Generator,load,DE0 1,EV battery,58.10374
Generator,load,DE0 1,H2,54.37558
Generator,load,DE0 1,battery,49.40107
Generator,load,DE0 1,home battery,49.99598
Generator,load,DE0 1,low voltage,43.37339
Generator,load,DE0 1,residential rural heat,0.01285
Generator,load,DE0 1,residential urban decentral heat,1.54159
Generator,load,DE0 1,services rural heat,0.01293
Generator,load,DE0 1,services urban decentral heat,1.35236
Generator,load,DE0 1,urban central heat,0.0
Generator,load,DK0 0,AC,49.44305
Generator,load,DK0 0,EV battery,57.50904
Generator,load,DK0 0,H2,54.39171
Generator,load,DK0 0,battery,52.25505
Generator,load,DK0 0,home battery,53.71068
Generator,load,DK0 0,low voltage,50.04703
Generator,load,DK0 0,residential rural heat,1.46404
Generator,load,DK0 0,residential urban decentral heat,0.72909
Generator,load,DK0 0,services rural heat,1.46116
Generator,load,DK0 0,services urban decentral heat,0.41022
Generator,load,DK0 0,urban central heat,0.0
Generator,load,DK1 0,AC,45.65004
Generator,load,DK1 0,EV battery,56.80767
Generator,load,DK1 0,H2,54.38896
Generator,load,DK1 0,battery,50.76584
Generator,load,DK1 0,home battery,53.21934
Generator,load,DK1 0,low voltage,46.40538
Generator,load,DK1 0,residential rural heat,1.42208
Generator,load,DK1 0,residential urban decentral heat,0.99529
Generator,load,DK1 0,services rural heat,1.43061
Generator,load,DK1 0,services urban decentral heat,0.83393
Generator,load,DK1 0,urban central heat,0.0
Generator,load,EE0 0,AC,44.03296
Generator,load,EE0 0,EV battery,54.85407
Generator,load,EE0 0,H2,54.40808
Generator,load,EE0 0,battery,49.08919
Generator,load,EE0 0,home battery,52.00722
Generator,load,EE0 0,low voltage,45.77192
Generator,load,EE0 0,residential rural heat,5.47184
Generator,load,EE0 0,residential urban decentral heat,3.8749
Generator,load,EE0 0,services rural heat,5.3453
Generator,load,EE0 0,services urban decentral heat,4.16235
Generator,load,EE0 0,urban central heat,0.0
Generator,load,ES0 0,AC,44.98714
Generator,load,ES0 0,EV battery,57.93181
Generator,load,ES0 0,H2,54.44908
Generator,load,ES0 0,battery,50.37356
Generator,load,ES0 0,home battery,50.50091
Generator,load,ES0 0,low voltage,43.43097
Generator,load,ES0 0,residential rural heat,0.0
Generator,load,ES0 0,residential urban decentral heat,0.0
Generator,load,ES0 0,services rural heat,0.0
Generator,load,ES0 0,services urban decentral heat,0.0
Generator,load,ES0 0,urban central heat,0.0
Generator,load,ES6 0,AC,44.00084
Generator,load,ES6 0,EV battery,48.89904
Generator,load,ES6 0,H2,54.46734
Generator,load,ES6 0,battery,49.41066
Generator,load,ES6 0,home battery,49.99391
Generator,load,ES6 0,low voltage,42.19609
Generator,load,ES6 0,residential rural heat,0.0
Generator,load,ES6 0,residential urban decentral heat,0.0
Generator,load,ES6 0,services rural heat,0.0
Generator,load,ES6 0,services urban decentral heat,0.0
Generator,load,ES6 0,urban central heat,0.0
Generator,load,EU,agriculture machinery oil,21667597.64967
Generator,load,EU,biogas,0.0
Generator,load,EU,co2,0.0
Generator,load,EU,co2 sequestered,1137.01063
Generator,load,EU,co2 stored,722.88195
Generator,load,EU,gas,0.0
Generator,load,EU,gas for industry,7142.82066
Generator,load,EU,industry methanol,1514.48194
Generator,load,EU,kerosene for aviation,188501508.81491
Generator,load,EU,methanol,84.79004
Generator,load,EU,naphtha for industry,83.19837
Generator,load,EU,non-sequestered HVC,212.16997
Generator,load,EU,none,0.0
Generator,load,EU,oil,96.86346
Generator,load,EU,oil primary,0.0
Generator,load,EU,process emissions,314.07284
Generator,load,EU,shipping methanol,1723.06142
Generator,load,EU,solid biomass,43.38585
Generator,load,EU,solid biomass for industry,22.1916
Generator,load,FI1 0,AC,44.25533
Generator,load,FI1 0,EV battery,57.32404
Generator,load,FI1 0,H2,54.40733
Generator,load,FI1 0,battery,49.60593
Generator,load,FI1 0,home battery,49.31786
Generator,load,FI1 0,low voltage,43.39024
Generator,load,FI1 0,residential rural heat,11.00869
Generator,load,FI1 0,residential urban decentral heat,7.51988
Generator,load,FI1 0,services rural heat,10.96569
Generator,load,FI1 0,services urban decentral heat,5.5929
Generator,load,FI1 0,urban central heat,0.0
Generator,load,FR0 0,AC,44.5873
Generator,load,FR0 0,EV battery,57.14171
Generator,load,FR0 0,H2,54.38441
Generator,load,FR0 0,battery,49.94301
Generator,load,FR0 0,home battery,50.40193
Generator,load,FR0 0,low voltage,43.00818
Generator,load,FR0 0,residential rural heat,0.0
Generator,load,FR0 0,residential urban decentral heat,0.20314
Generator,load,FR0 0,services rural heat,0.0
Generator,load,FR0 0,services urban decentral heat,0.16965
Generator,load,FR0 0,urban central heat,0.0
Generator,load,FR5 0,AC,41.90979
Generator,load,FR5 0,EV battery,32.44093
Generator,load,FR5 0,H2,52.01252
Generator,load,FR5 0,battery,44.37501
Generator,load,FR5 0,home battery,50.88548
Generator,load,FR5 0,low voltage,46.04448
Generator,load,FR5 0,residential rural heat,0.0
Generator,load,FR5 0,residential urban decentral heat,0.0
Generator,load,FR5 0,services rural heat,0.0
Generator,load,FR5 0,services urban decentral heat,0.0
Generator,load,GB2 0,AC,44.31386
Generator,load,GB2 0,EV battery,57.70878
Generator,load,GB2 0,H2,54.39215
Generator,load,GB2 0,battery,44.49016
Generator,load,GB2 0,home battery,50.33017
Generator,load,GB2 0,low voltage,42.39079
Generator,load,GB2 0,residential rural heat,0.0
Generator,load,GB2 0,residential urban decentral heat,0.05203
Generator,load,GB2 0,services rural heat,0.0
Generator,load,GB2 0,services urban decentral heat,0.05326
Generator,load,GB2 0,urban central heat,0.0
Generator,load,GB3 0,AC,42.06497
Generator,load,GB3 0,EV battery,55.36877
Generator,load,GB3 0,H2,54.38985
Generator,load,GB3 0,battery,46.5874
Generator,load,GB3 0,home battery,51.22098
Generator,load,GB3 0,low voltage,42.81737
Generator,load,GB3 0,residential rural heat,0.0
Generator,load,GB3 0,residential urban decentral heat,0.0
Generator,load,GB3 0,services rural heat,0.0
Generator,load,GB3 0,services urban decentral heat,0.0
Generator,load,GB3 0,urban central heat,0.0
Generator,load,GR0 0,AC,48.98675
Generator,load,GR0 0,EV battery,57.95905
Generator,load,GR0 0,H2,54.27441
Generator,load,GR0 0,battery,52.2753
Generator,load,GR0 0,home battery,52.49633
Generator,load,GR0 0,low voltage,46.82205
Generator,load,GR0 0,residential rural heat,0.0
Generator,load,GR0 0,residential urban decentral heat,0.03915
Generator,load,GR0 0,services rural heat,0.0
Generator,load,GR0 0,services urban decentral heat,0.03879
Generator,load,GR0 0,urban central heat,0.0
Generator,load,HR0 0,AC,47.37357
Generator,load,HR0 0,EV battery,57.08679
Generator,load,HR0 0,H2,54.30313
Generator,load,HR0 0,battery,51.89711
Generator,load,HR0 0,home battery,53.6786
Generator,load,HR0 0,low voltage,48.08268
Generator,load,HR0 0,residential rural heat,0.0
Generator,load,HR0 0,residential urban decentral heat,0.13147
Generator,load,HR0 0,services rural heat,0.0
Generator,load,HR0 0,services urban decentral heat,0.12503
Generator,load,HR0 0,urban central heat,0.0
Generator,load,HU0 0,AC,41.69516
Generator,load,HU0 0,EV battery,57.7958
Generator,load,HU0 0,H2,54.31333
Generator,load,HU0 0,battery,45.6129
Generator,load,HU0 0,home battery,50.15964
Generator,load,HU0 0,low voltage,42.46819
Generator,load,HU0 0,residential rural heat,0.0
Generator,load,HU0 0,residential urban decentral heat,0.34847
Generator,load,HU0 0,services rural heat,0.0
Generator,load,HU0 0,services urban decentral heat,0.23798
Generator,load,HU0 0,urban central heat,0.0
Generator,load,IE3 0,AC,45.92486
Generator,load,IE3 0,EV battery,57.52246
Generator,load,IE3 0,H2,54.39345
Generator,load,IE3 0,battery,50.69787
Generator,load,IE3 0,home battery,52.94148
Generator,load,IE3 0,low voltage,47.42912
Generator,load,IE3 0,residential rural heat,0.0
Generator,load,IE3 0,residential urban decentral heat,0.0
Generator,load,IE3 0,services rural heat,0.0
Generator,load,IE3 0,services urban decentral heat,0.0
Generator,load,IE3 0,urban central heat,0.0
Generator,load,IT0 0,AC,41.23759
Generator,load,IT0 0,EV battery,57.86276
Generator,load,IT0 0,H2,54.04921
Generator,load,IT0 0,battery,45.09009
Generator,load,IT0 0,home battery,50.1355
Generator,load,IT0 0,low voltage,41.98117
Generator,load,IT0 0,residential rural heat,0.0
Generator,load,IT0 0,residential urban decentral heat,0.04092
Generator,load,IT0 0,services rural heat,0.0
Generator,load,IT0 0,services urban decentral heat,0.02836
Generator,load,IT0 0,urban central heat,0.0
Generator,load,IT4 0,AC,43.90282
Generator,load,IT4 0,EV battery,55.58771
Generator,load,IT4 0,H2,53.88607
Generator,load,IT4 0,battery,49.25568
Generator,load,IT4 0,home battery,52.42399
Generator,load,IT4 0,low voltage,44.91222
Generator,load,IT4 0,residential rural heat,0.0
Generator,load,IT4 0,residential urban decentral heat,0.0
Generator,load,IT4 0,services rural heat,0.0
Generator,load,IT4 0,services urban decentral heat,0.0
Generator,load,IT4 0,urban central heat,0.0
Generator,load,LT0 0,AC,41.55978
Generator,load,LT0 0,EV battery,56.98379
Generator,load,LT0 0,H2,54.39504
Generator,load,LT0 0,battery,45.58908
Generator,load,LT0 0,home battery,50.06971
Generator,load,LT0 0,low voltage,42.53323
Generator,load,LT0 0,residential rural heat,3.57057
Generator,load,LT0 0,residential urban decentral heat,3.71089
Generator,load,LT0 0,services rural heat,3.45935
Generator,load,LT0 0,services urban decentral heat,3.67485
Generator,load,LT0 0,urban central heat,0.0
Generator,load,LU0 0,AC,51.86127
Generator,load,LU0 0,EV battery,55.39407
Generator,load,LU0 0,H2,54.38204
Generator,load,LU0 0,battery,53.31379
Generator,load,LU0 0,home battery,54.60853
Generator,load,LU0 0,low voltage,52.33656
Generator,load,LU0 0,residential rural heat,0.0
Generator,load,LU0 0,residential urban decentral heat,1.19345
Generator,load,LU0 0,services rural heat,0.0
Generator,load,LU0 0,services urban decentral heat,0.91899
Generator,load,LU0 0,urban central heat,0.0
Generator,load,LV0 0,AC,46.16277
Generator,load,LV0 0,EV battery,55.51449
Generator,load,LV0 0,H2,54.39883
Generator,load,LV0 0,battery,51.14564
Generator,load,LV0 0,home battery,53.03077
Generator,load,LV0 0,low voltage,47.67923
Generator,load,LV0 0,residential rural heat,4.39742
Generator,load,LV0 0,residential urban decentral heat,4.24151
Generator,load,LV0 0,services rural heat,4.34217
Generator,load,LV0 0,services urban decentral heat,3.01133
Generator,load,LV0 0,urban central heat,0.0
Generator,load,ME0 0,AC,45.91843
Generator,load,ME0 0,EV battery,41.45325
Generator,load,ME0 0,H2,54.27909
Generator,load,ME0 0,battery,51.57199
Generator,load,ME0 0,home battery,53.66529
Generator,load,ME0 0,low voltage,47.51692
Generator,load,ME0 0,residential rural heat,0.0
Generator,load,ME0 0,residential urban decentral heat,0.36573
Generator,load,ME0 0,services rural heat,0.0
Generator,load,ME0 0,services urban decentral heat,0.20499
Generator,load,ME0 0,urban central heat,0.0
Generator,load,MK0 0,AC,52.25495
Generator,load,MK0 0,EV battery,54.91163
Generator,load,MK0 0,H2,54.29952
Generator,load,MK0 0,battery,53.52265
Generator,load,MK0 0,home battery,54.643
Generator,load,MK0 0,low voltage,52.59135
Generator,load,MK0 0,residential rural heat,0.0
Generator,load,MK0 0,residential urban decentral heat,0.398
Generator,load,MK0 0,services rural heat,0.0
Generator,load,MK0 0,services urban decentral heat,0.39076
Generator,load,MK0 0,urban central heat,0.0
Generator,load,NL0 0,AC,41.22962
Generator,load,NL0 0,EV battery,58.50117
Generator,load,NL0 0,H2,54.38666
Generator,load,NL0 0,battery,45.07946
Generator,load,NL0 0,home battery,50.32323
Generator,load,NL0 0,low voltage,42.14312
Generator,load,NL0 0,residential rural heat,0.0
Generator,load,NL0 0,residential urban decentral heat,1.17312
Generator,load,NL0 0,services rural heat,0.0
Generator,load,NL0 0,services urban decentral heat,0.68594
Generator,load,NL0 0,urban central heat,0.0
Generator,load,NO1 0,AC,45.75417
Generator,load,NO1 0,EV battery,57.02954
Generator,load,NO1 0,H2,54.4014
Generator,load,NO1 0,battery,50.43191
Generator,load,NO1 0,home battery,50.87104
Generator,load,NO1 0,low voltage,45.24772
Generator,load,NO1 0,residential rural heat,13.73013
Generator,load,NO1 0,residential urban decentral heat,8.44536
Generator,load,NO1 0,services rural heat,13.6804
Generator,load,NO1 0,services urban decentral heat,5.96141
Generator,load,NO1 0,urban central heat,0.0
Generator,load,PL0 0,AC,51.12645
Generator,load,PL0 0,EV battery,57.95927
Generator,load,PL0 0,H2,54.38193
Generator,load,PL0 0,battery,53.12964
Generator,load,PL0 0,home battery,53.3151
Generator,load,PL0 0,low voltage,50.36168
Generator,load,PL0 0,residential rural heat,1.3639
Generator,load,PL0 0,residential urban decentral heat,2.1969
Generator,load,PL0 0,services rural heat,1.37199
Generator,load,PL0 0,services urban decentral heat,1.90821
Generator,load,PL0 0,urban central heat,0.0
Generator,load,PT0 0,AC,46.93447
Generator,load,PT0 0,EV battery,58.11242
Generator,load,PT0 0,H2,54.45452
Generator,load,PT0 0,battery,51.50867
Generator,load,PT0 0,home battery,51.87918
Generator,load,PT0 0,low voltage,44.95232
Generator,load,PT0 0,residential rural heat,0.0
Generator,load,PT0 0,residential urban decentral heat,0.0
Generator,load,PT0 0,services rural heat,0.0
Generator,load,PT0 0,services urban decentral heat,0.0
Generator,load,PT0 0,urban central heat,0.0
Generator,load,RO0 0,AC,43.89262
Generator,load,RO0 0,EV battery,58.1096
Generator,load,RO0 0,H2,54.32566
Generator,load,RO0 0,battery,44.07406
Generator,load,RO0 0,home battery,49.66257
Generator,load,RO0 0,low voltage,42.54162
Generator,load,RO0 0,residential rural heat,0.0
Generator,load,RO0 0,residential urban decentral heat,1.09674
Generator,load,RO0 0,services rural heat,0.0
Generator,load,RO0 0,services urban decentral heat,1.05268
Generator,load,RO0 0,urban central heat,0.0
Generator,load,RS0 0,AC,48.72726
Generator,load,RS0 0,EV battery,56.81434
Generator,load,RS0 0,H2,54.31123
Generator,load,RS0 0,battery,52.60327
Generator,load,RS0 0,home battery,54.51006
Generator,load,RS0 0,low voltage,51.28412
Generator,load,RS0 0,residential rural heat,0.0
Generator,load,RS0 0,residential urban decentral heat,0.32881
Generator,load,RS0 0,services rural heat,0.0
Generator,load,RS0 0,services urban decentral heat,0.29155
Generator,load,RS0 0,urban central heat,0.0
Generator,load,SE1 0,AC,43.94855
Generator,load,SE1 0,EV battery,57.69171
Generator,load,SE1 0,H2,54.39223
Generator,load,SE1 0,battery,49.21213
Generator,load,SE1 0,home battery,49.56429
Generator,load,SE1 0,low voltage,43.22234
Generator,load,SE1 0,residential rural heat,13.01919
Generator,load,SE1 0,residential urban decentral heat,6.86941
Generator,load,SE1 0,services rural heat,12.86426
Generator,load,SE1 0,services urban decentral heat,5.9605
Generator,load,SE1 0,urban central heat,0.0
Generator,load,SI0 0,AC,40.83653
Generator,load,SI0 0,EV battery,56.68705
Generator,load,SI0 0,H2,54.27686
Generator,load,SI0 0,battery,44.42333
Generator,load,SI0 0,home battery,49.71982
Generator,load,SI0 0,low voltage,42.04845
Generator,load,SI0 0,residential rural heat,0.0
Generator,load,SI0 0,residential urban decentral heat,0.45192
Generator,load,SI0 0,services rural heat,0.0
Generator,load,SI0 0,services urban decentral heat,0.49518
Generator,load,SI0 0,urban central heat,0.0
Generator,load,SK0 0,AC,41.00859
Generator,load,SK0 0,EV battery,57.30367
Generator,load,SK0 0,H2,54.35648
Generator,load,SK0 0,battery,44.69229
Generator,load,SK0 0,home battery,49.82832
Generator,load,SK0 0,low voltage,41.9871
Generator,load,SK0 0,residential rural heat,0.0
Generator,load,SK0 0,residential urban decentral heat,1.91996
Generator,load,SK0 0,services rural heat,0.0
Generator,load,SK0 0,services urban decentral heat,1.2729
Generator,load,SK0 0,urban central heat,0.0
Generator,load,XK0 0,AC,52.0207
Generator,load,XK0 0,EV battery,52.97947
Generator,load,XK0 0,H2,54.29639
Generator,load,XK0 0,battery,53.44181
Generator,load,XK0 0,home battery,54.74791
Generator,load,XK0 0,low voltage,52.50338
Generator,load,XK0 0,residential rural heat,0.0
Generator,load,XK0 0,residential urban decentral heat,0.43527
Generator,load,XK0 0,services rural heat,0.0
Generator,load,XK0 0,services urban decentral heat,0.45662
Generator,load,XK0 0,urban central heat,0.0
Generator,nuclear,BE0 0,AC,30639905.99017
Generator,nuclear,BG0 0,AC,10072671.08004
Generator,nuclear,CH0 0,AC,15766570.95669
Generator,nuclear,CZ0 0,AC,22677766.5154
Generator,nuclear,DE0 0,AC,90745201.34186
Generator,nuclear,DE0 1,AC,45064560.39632
Generator,nuclear,ES0 0,AC,23319876.89559
Generator,nuclear,ES6 0,AC,15063794.86348
Generator,nuclear,FI1 0,AC,23788249.96853
Generator,nuclear,FR0 0,AC,220819606.64523
Generator,nuclear,GB2 0,AC,59480047.6609
Generator,nuclear,GB3 0,AC,11195342.29192
Generator,nuclear,HU0 0,AC,9926041.16994
Generator,nuclear,IT0 0,AC,8133230.77126
Generator,nuclear,LT0 0,AC,15513216.24998
Generator,nuclear,NL0 0,AC,323540.60034
Generator,nuclear,RO0 0,AC,6582119.04358
Generator,nuclear,SE1 0,AC,48371065.21529
Generator,nuclear,SI0 0,AC,3610378.17627
Generator,nuclear,SK0 0,AC,10614402.99892
Generator,offwind-ac,AL0 0,AC,437576.56092
Generator,offwind-ac,BA0 0,AC,15831.3748
Generator,offwind-ac,BE0 0,AC,9628965.78817
Generator,offwind-ac,BG0 0,AC,1586077.94844
Generator,offwind-ac,DE0 0,AC,33426723.67839
Generator,offwind-ac,DE0 1,AC,9341158.95521
Generator,offwind-ac,DK0 0,AC,6595308.75325
Generator,offwind-ac,DK1 0,AC,48110192.39402
Generator,offwind-ac,EE0 0,AC,526116.41205
Generator,offwind-ac,ES0 0,AC,320496.11109
Generator,offwind-ac,ES6 0,AC,101765.58329
Generator,offwind-ac,FI1 0,AC,914811.44014
Generator,offwind-ac,FR0 0,AC,9841303.35633
Generator,offwind-ac,FR5 0,AC,95254.39096
Generator,offwind-ac,GB2 0,AC,519202254.93985
Generator,offwind-ac,GB3 0,AC,25657767.21522
Generator,offwind-ac,GR0 0,AC,372849.63304
Generator,offwind-ac,HR0 0,AC,206118.5235
Generator,offwind-ac,IE3 0,AC,170533082.06006
Generator,offwind-ac,IT0 0,AC,195604.59005
Generator,offwind-ac,IT4 0,AC,241526.14533
Generator,offwind-ac,LT0 0,AC,1243900.90747
Generator,offwind-ac,LV0 0,AC,727695.99573
Generator,offwind-ac,ME0 0,AC,141131.50425
Generator,offwind-ac,NL0 0,AC,24146825.81107
Generator,offwind-ac,NO1 0,AC,44909579.64939
Generator,offwind-ac,PL0 0,AC,27784004.95525
Generator,offwind-ac,PT0 0,AC,5534950.7674
Generator,offwind-ac,RO0 0,AC,5446621.58189
Generator,offwind-ac,SE1 0,AC,9459502.39365
Generator,offwind-ac,SI0 0,AC,22263.27722
Generator,offwind-dc,AL0 0,AC,15804330.87471
Generator,offwind-dc,BE0 0,AC,3998014.79863
Generator,offwind-dc,BG0 0,AC,4981260.52205
Generator,offwind-dc,DE0 0,AC,28309714.42653
Generator,offwind-dc,DE0 1,AC,1205676.36987
Generator,offwind-dc,DK0 0,AC,743774.6518
Generator,offwind-dc,DK1 0,AC,13187048.86787
Generator,offwind-dc,EE0 0,AC,369354.38112
Generator,offwind-dc,ES0 0,AC,5182319.47747
Generator,offwind-dc,ES6 0,AC,253005.15469
Generator,offwind-dc,FI1 0,AC,181493835.85587
Generator,offwind-dc,FR0 0,AC,1028008107.22401
Generator,offwind-dc,FR5 0,AC,199712.68736
Generator,offwind-dc,GB2 0,AC,2014708.76467
Generator,offwind-dc,GB3 0,AC,3869064.25294
Generator,offwind-dc,GR0 0,AC,1152258.50317
Generator,offwind-dc,HR0 0,AC,467942.37759
Generator,offwind-dc,IE3 0,AC,149768430.55918
Generator,offwind-dc,IT0 0,AC,244390466.94896
Generator,offwind-dc,IT4 0,AC,1156170.42885
Generator,offwind-dc,LT0 0,AC,17083765.36273
Generator,offwind-dc,LV0 0,AC,2032298.30299
Generator,offwind-dc,ME0 0,AC,2347031.1426
Generator,offwind-dc,NL0 0,AC,697821.78207
Generator,offwind-dc,NO1 0,AC,14583324.88826
Generator,offwind-dc,PL0 0,AC,80376797.44772
Generator,offwind-dc,PT0 0,AC,1701797.04641
Generator,offwind-dc,RO0 0,AC,77257389.3407
Generator,offwind-dc,SE1 0,AC,253555544.91839
Generator,oil primary,EU,oil primary,3931.08118
Generator,onwind,AL0 0,AC,95415.13642
Generator,onwind,AT0 0,AC,3518959.12481
Generator,onwind,BA0 0,AC,143702.54735
Generator,onwind,BE0 0,AC,37457778.71046
Generator,onwind,BG0 0,AC,642780.89945
Generator,onwind,CH0 0,AC,18709.24803
Generator,onwind,CZ0 0,AC,412036.60589
Generator,onwind,DE0 0,AC,64264957.45126
Generator,onwind,DE0 1,AC,41494016.86984
Generator,onwind,DK0 0,AC,220018807.46738
Generator,onwind,DK1 0,AC,63306695.24186
Generator,onwind,EE0 0,AC,34617356.75063
Generator,onwind,ES0 0,AC,183347537.30537
Generator,onwind,ES6 0,AC,6814059.01145
Generator,onwind,FI1 0,AC,16187685.15399
Generator,onwind,FR0 0,AC,44933642.50417
Generator,onwind,FR5 0,AC,166978.39521
Generator,onwind,GB2 0,AC,866455495.29916
Generator,onwind,GB3 0,AC,30180430.75282
Generator,onwind,GR0 0,AC,21957194.15117
Generator,onwind,HR0 0,AC,873647.1866
Generator,onwind,HU0 0,AC,44305845.47707
Generator,onwind,IE3 0,AC,11280342.02016
Generator,onwind,IT0 0,AC,9344528.02836
Generator,onwind,IT4 0,AC,39016815.00864
Generator,onwind,LT0 0,AC,2138142.23842
Generator,onwind,LU0 0,AC,253938.76337
Generator,onwind,LV0 0,AC,1733708.33172
Generator,onwind,ME0 0,AC,29704.74887
Generator,onwind,MK0 0,AC,12447.45909
Generator,onwind,NL0 0,AC,135796780.57458
Generator,onwind,NO1 0,AC,9377814.55321
Generator,onwind,PL0 0,AC,169263215.59122
Generator,onwind,PT0 0,AC,7941729.79102
Generator,onwind,RO0 0,AC,5870466.1491
Generator,onwind,RS0 0,AC,671845.64656
Generator,onwind,SE1 0,AC,31075062.92385
Generator,onwind,SI0 0,AC,17795.32878
Generator,onwind,SK0 0,AC,224264.82571
Generator,onwind,XK0 0,AC,34895.12246
Generator,residential rural solar thermal,AL0 0,residential rural heat,10493.32463
Generator,residential rural solar thermal,AT0 0,residential rural heat,13531.39419
Generator,residential rural solar thermal,BA0 0,residential rural heat,9592.06446
Generator,residential rural solar thermal,BE0 0,residential rural heat,4974.40623
Generator,residential rural solar thermal,BG0 0,residential rural heat,10714.46347
Generator,residential rural solar thermal,CH0 0,residential rural heat,11623.58697
Generator,residential rural solar thermal,CZ0 0,residential rural heat,7475.26655
Generator,residential rural solar thermal,DE0 0,residential rural heat,11084.9359
Generator,residential rural solar thermal,DE0 1,residential rural heat,13469.83754
Generator,residential rural solar thermal,DK0 0,residential rural heat,5177.15169
Generator,residential rural solar thermal,DK1 0,residential rural heat,4664.51874
Generator,residential rural solar thermal,EE0 0,residential rural heat,5151.47451
Generator,residential rural solar thermal,ES0 0,residential rural heat,26055.37166
Generator,residential rural solar thermal,ES6 0,residential rural heat,5637.3469
Generator,residential rural solar thermal,FI1 0,residential rural heat,1813.89702
Generator,residential rural solar thermal,FR0 0,residential rural heat,21944.25531
Generator,residential rural solar thermal,FR5 0,residential rural heat,9129.74375
Generator,residential rural solar thermal,GB2 0,residential rural heat,10546.73699
Generator,residential rural solar thermal,GB3 0,residential rural heat,3862.6976
Generator,residential rural solar thermal,GR0 0,residential rural heat,15163.8849
Generator,residential rural solar thermal,HR0 0,residential rural heat,10785.93393
Generator,residential rural solar thermal,HU0 0,residential rural heat,11141.98056
Generator,residential rural solar thermal,IE3 0,residential rural heat,5619.64421
Generator,residential rural solar thermal,IT0 0,residential rural heat,29417.49616
Generator,residential rural solar thermal,IT4 0,residential rural heat,14665.54127
Generator,residential rural solar thermal,LT0 0,residential rural heat,5125.33154
Generator,residential rural solar thermal,LU0 0,residential rural heat,2249.54418
Generator,residential rural solar thermal,LV0 0,residential rural heat,5447.70845
Generator,residential rural solar thermal,ME0 0,residential rural heat,7593.09005
Generator,residential rural solar thermal,MK0 0,residential rural heat,8769.08112
Generator,residential rural solar thermal,NL0 0,residential rural heat,5740.29636
Generator,residential rural solar thermal,NO1 0,residential rural heat,2724.29438
Generator,residential rural solar thermal,PL0 0,residential rural heat,12603.75498
Generator,residential rural solar thermal,PT0 0,residential rural heat,17124.50695
Generator,residential rural solar thermal,RO0 0,residential rural heat,16164.23465
Generator,residential rural solar thermal,RS0 0,residential rural heat,11258.90217
Generator,residential rural solar thermal,SE1 0,residential rural heat,4424.66843
Generator,residential rural solar thermal,SI0 0,residential rural heat,7331.0777
Generator,residential rural solar thermal,SK0 0,residential rural heat,8431.01985
Generator,residential rural solar thermal,XK0 0,residential rural heat,7248.12623
Generator,residential urban decentral solar thermal,AL0 0,residential urban decentral heat,9413.58228
Generator,residential urban decentral solar thermal,AT0 0,residential urban decentral heat,12992.97472
Generator,residential urban decentral solar thermal,BA0 0,residential urban decentral heat,8398.84202
Generator,residential urban decentral solar thermal,BE0 0,residential urban decentral heat,9897.44841
Generator,residential urban decentral solar thermal,BG0 0,residential urban decentral heat,12569.5085
Generator,residential urban decentral solar thermal,CH0 0,residential urban decentral heat,16007.89798
Generator,residential urban decentral solar thermal,CZ0 0,residential urban decentral heat,8857.42882
Generator,residential urban decentral solar thermal,DE0 0,residential urban decentral heat,14979.88337
Generator,residential urban decentral solar thermal,DE0 1,residential urban decentral heat,13609.35987
Generator,residential urban decentral solar thermal,DK0 0,residential urban decentral heat,8949.53359
Generator,residential urban decentral solar thermal,DK1 0,residential urban decentral heat,7680.70076
Generator,residential urban decentral solar thermal,EE0 0,residential urban decentral heat,5504.07515
Generator,residential urban decentral solar thermal,ES0 0,residential urban decentral heat,34120.25883
Generator,residential urban decentral solar thermal,ES6 0,residential urban decentral heat,11487.79331
Generator,residential urban decentral solar thermal,FI1 0,residential urban decentral heat,2752.4426
Generator,residential urban decentral solar thermal,FR0 0,residential urban decentral heat,26251.85465
Generator,residential urban decentral solar thermal,FR5 0,residential urban decentral heat,0.0
Generator,residential urban decentral solar thermal,GB2 0,residential urban decentral heat,13256.7184
Generator,residential urban decentral solar thermal,GB3 0,residential urban decentral heat,2884.11612
Generator,residential urban decentral solar thermal,GR0 0,residential urban decentral heat,19973.34806
Generator,residential urban decentral solar thermal,HR0 0,residential urban decentral heat,10251.23256
Generator,residential urban decentral solar thermal,HU0 0,residential urban decentral heat,12410.58822
Generator,residential urban decentral solar thermal,IE3 0,residential urban decentral heat,6112.02136
Generator,residential urban decentral solar thermal,IT0 0,residential urban decentral heat,32496.7082
Generator,residential urban decentral solar thermal,IT4 0,residential urban decentral heat,8608.24449
Generator,residential urban decentral solar thermal,LT0 0,residential urban decentral heat,5394.08664
Generator,residential urban decentral solar thermal,LU0 0,residential urban decentral heat,3519.37007
Generator,residential urban decentral solar thermal,LV0 0,residential urban decentral heat,5735.16516
Generator,residential urban decentral solar thermal,ME0 0,residential urban decentral heat,6523.02771
Generator,residential urban decentral solar thermal,MK0 0,residential urban decentral heat,7902.28782
Generator,residential urban decentral solar thermal,NL0 0,residential urban decentral heat,11193.4824
Generator,residential urban decentral solar thermal,NO1 0,residential urban decentral heat,4074.41357
Generator,residential urban decentral solar thermal,PL0 0,residential urban decentral heat,12334.07926
Generator,residential urban decentral solar thermal,PT0 0,residential urban decentral heat,17893.75247
Generator,residential urban decentral solar thermal,RO0 0,residential urban decentral heat,15120.10605
Generator,residential urban decentral solar thermal,RS0 0,residential urban decentral heat,10667.99069
Generator,residential urban decentral solar thermal,SE1 0,residential urban decentral heat,6970.6294
Generator,residential urban decentral solar thermal,SI0 0,residential urban decentral heat,6893.82171
Generator,residential urban decentral solar thermal,SK0 0,residential urban decentral heat,8017.74922
Generator,residential urban decentral solar thermal,XK0 0,residential urban decentral heat,6521.41987
Generator,ror,AL0 0,AC,131506.33687
Generator,ror,AT0 0,AC,18161843.7867
Generator,ror,BE0 0,AC,239871.98329
Generator,ror,BG0 0,AC,170016.4398
Generator,ror,CH0 0,AC,9188830.43012
Generator,ror,CZ0 0,AC,116202.71025
Generator,ror,DE0 0,AC,6634227.55647
Generator,ror,DE0 1,AC,14729735.79365
Generator,ror,ES0 0,AC,249980.52315
Generator,ror,ES6 0,AC,285781.00866
Generator,ror,FI1 0,AC,6607010.48241
Generator,ror,FR0 0,AC,28167289.31967
Generator,ror,FR5 0,AC,512789.76075
Generator,ror,GB2 0,AC,2330158.86651
Generator,ror,GB3 0,AC,1470421.86887
Generator,ror,GR0 0,AC,205085.24073
Generator,ror,HR0 0,AC,1105524.31292
Generator,ror,HU0 0,AC,54364.75801
Generator,ror,IE3 0,AC,474076.60261
Generator,ror,IT0 0,AC,30098419.25328
Generator,ror,IT4 0,AC,422586.97487
Generator,ror,LT0 0,AC,438284.66328
Generator,ror,LV0 0,AC,2638498.67355
Generator,ror,ME0 0,AC,17454.10491
Generator,ror,MK0 0,AC,426057.87369
Generator,ror,NO1 0,AC,4189635.31626
Generator,ror,PL0 0,AC,1081736.66038
Generator,ror,PT0 0,AC,6395719.00003
Generator,ror,RO0 0,AC,6211414.76002
Generator,ror,RS0 0,AC,6472851.31726
Generator,ror,SE1 0,AC,6099402.83015
Generator,ror,SI0 0,AC,1902404.1257
Generator,ror,SK0 0,AC,3322532.23627
Generator,ror,XK0 0,AC,45396.26791
Generator,services rural solar thermal,AL0 0,services rural heat,9260.61181
Generator,services rural solar thermal,AT0 0,services rural heat,11583.51537
Generator,services rural solar thermal,BA0 0,services rural heat,7503.2072
Generator,services rural solar thermal,BE0 0,services rural heat,8084.87554
Generator,services rural solar thermal,BG0 0,services rural heat,10979.696
Generator,services rural solar thermal,CH0 0,services rural heat,9025.18719
Generator,services rural solar thermal,CZ0 0,services rural heat,7509.75577
Generator,services rural solar thermal,DE0 0,services rural heat,12421.81048
Generator,services rural solar thermal,DE0 1,services rural heat,12657.99298
Generator,services rural solar thermal,DK0 0,services rural heat,6669.12883
Generator,services rural solar thermal,DK1 0,services rural heat,6276.93512
Generator,services rural solar thermal,EE0 0,services rural heat,5337.90158
Generator,services rural solar thermal,ES0 0,services rural heat,34182.98662
Generator,services rural solar thermal,ES6 0,services rural heat,16101.57533
Generator,services rural solar thermal,FI1 0,services rural heat,2256.45317
Generator,services rural solar thermal,FR0 0,services rural heat,26121.9978
Generator,services rural solar thermal,FR5 0,services rural heat,9333.74957
Generator,services rural solar thermal,GB2 0,services rural heat,8079.4941
Generator,services rural solar thermal,GB3 0,services rural heat,2965.49393
Generator,services rural solar thermal,GR0 0,services rural heat,18877.90159
Generator,services rural solar thermal,HR0 0,services rural heat,10676.43311
Generator,services rural solar thermal,HU0 0,services rural heat,12613.62299
Generator,services rural solar thermal,IE3 0,services rural heat,5056.17071
Generator,services rural solar thermal,IT0 0,services rural heat,32347.54326
Generator,services rural solar thermal,IT4 0,services rural heat,13926.70944
Generator,services rural solar thermal,LT0 0,services rural heat,5101.74048
Generator,services rural solar thermal,LU0 0,services rural heat,3623.42843
Generator,services rural solar thermal,LV0 0,services rural heat,5770.43037
Generator,services rural solar thermal,ME0 0,services rural heat,3992.20333
Generator,services rural solar thermal,MK0 0,services rural heat,7484.60838
Generator,services rural solar thermal,NL0 0,services rural heat,13421.41835
Generator,services rural solar thermal,NO1 0,services rural heat,2605.6138
Generator,services rural solar thermal,PL0 0,services rural heat,14670.9569
Generator,services rural solar thermal,PT0 0,services rural heat,20567.46694
Generator,services rural solar thermal,RO0 0,services rural heat,13715.96527
Generator,services rural solar thermal,RS0 0,services rural heat,8375.45127
Generator,services rural solar thermal,SE1 0,services rural heat,4619.49664
Generator,services rural solar thermal,SI0 0,services rural heat,6655.88404
Generator,services rural solar thermal,SK0 0,services rural heat,7859.39165
Generator,services rural solar thermal,XK0 0,services rural heat,6598.53347
Generator,services urban decentral solar thermal,AL0 0,services urban decentral heat,6392.21716
Generator,services urban decentral solar thermal,AT0 0,services urban decentral heat,8819.9969
Generator,services urban decentral solar thermal,BA0 0,services urban decentral heat,5867.21672
Generator,services urban decentral solar thermal,BE0 0,services urban decentral heat,7846.76682
Generator,services urban decentral solar thermal,BG0 0,services urban decentral heat,9762.7163
Generator,services urban decentral solar thermal,CH0 0,services urban decentral heat,12127.487
Generator,services urban decentral solar thermal,CZ0 0,services urban decentral heat,6174.43556
Generator,services urban decentral solar thermal,DE0 0,services urban decentral heat,12124.12133
Generator,services urban decentral solar thermal,DE0 1,services urban decentral heat,10311.09862
Generator,services urban decentral solar thermal,DK0 0,services urban decentral heat,5671.63146
Generator,services urban decentral solar thermal,DK1 0,services urban decentral heat,5016.5541
Generator,services urban decentral solar thermal,EE0 0,services urban decentral heat,4198.88476
Generator,services urban decentral solar thermal,ES0 0,services urban decentral heat,26175.13954
Generator,services urban decentral solar thermal,ES6 0,services urban decentral heat,8070.22312
Generator,services urban decentral solar thermal,FI1 0,services urban decentral heat,1931.95983
Generator,services urban decentral solar thermal,FR0 0,services urban decentral heat,22476.20736
Generator,services urban decentral solar thermal,FR5 0,services urban decentral heat,1535.02363
Generator,services urban decentral solar thermal,GB2 0,services urban decentral heat,10905.43036
Generator,services urban decentral solar thermal,GB3 0,services urban decentral heat,2281.4178
Generator,services urban decentral solar thermal,GR0 0,services urban decentral heat,16255.09897
Generator,services urban decentral solar thermal,HR0 0,services urban decentral heat,7408.25539
Generator,services urban decentral solar thermal,HU0 0,services urban decentral heat,8985.89233
Generator,services urban decentral solar thermal,IE3 0,services urban decentral heat,4479.6769
Generator,services urban decentral solar thermal,IT0 0,services urban decentral heat,27598.38567
Generator,services urban decentral solar thermal,IT4 0,services urban decentral heat,6098.66283
Generator,services urban decentral solar thermal,LT0 0,services urban decentral heat,4110.75334
Generator,services urban decentral solar thermal,LU0 0,services urban decentral heat,3296.70016
Generator,services urban decentral solar thermal,LV0 0,services urban decentral heat,4399.0955
Generator,services urban decentral solar thermal,ME0 0,services urban decentral heat,3338.37349
Generator,services urban decentral solar thermal,MK0 0,services urban decentral heat,5754.25861
Generator,services urban decentral solar thermal,NL0 0,services urban decentral heat,9237.17892
Generator,services urban decentral solar thermal,NO1 0,services urban decentral heat,3718.13272
Generator,services urban decentral solar thermal,PL0 0,services urban decentral heat,8542.33476
Generator,services urban decentral solar thermal,PT0 0,services urban decentral heat,16491.11437
Generator,services urban decentral solar thermal,RO0 0,services urban decentral heat,9743.15888
Generator,services urban decentral solar thermal,RS0 0,services urban decentral heat,7410.19593
Generator,services urban decentral solar thermal,SE1 0,services urban decentral heat,4949.2936
Generator,services urban decentral solar thermal,SI0 0,services urban decentral heat,5088.42312
Generator,services urban decentral solar thermal,SK0 0,services urban decentral heat,6591.16043
Generator,services urban decentral solar thermal,XK0 0,services urban decentral heat,4460.49512
Generator,solar,AL0 0,AC,11363214.16797
Generator,solar,AT0 0,AC,142001083.37658
Generator,solar,BA0 0,AC,4221058.70072
Generator,solar,BE0 0,AC,90963681.36512
Generator,solar,BG0 0,AC,9348045.54468
Generator,solar,CH0 0,AC,138194352.94942
Generator,solar,CZ0 0,AC,4589815.72544
Generator,solar,DE0 0,AC,64134619.04396
Generator,solar,DE0 1,AC,163359479.29039
Generator,solar,DK0 0,AC,1431440.28489
Generator,solar,DK1 0,AC,17832503.61781
Generator,solar,EE0 0,AC,2142519.88326
Generator,solar,ES0 0,AC,449051653.06863
Generator,solar,ES6 0,AC,1110651.70237
Generator,solar,FI1 0,AC,432520.35271
Generator,solar,FR0 0,AC,185692578.7928
Generator,solar,FR5 0,AC,13313361.63776
Generator,solar,GB2 0,AC,11206957.41309
Generator,solar,GB3 0,AC,237271.1165
Generator,solar,GR0 0,AC,166837448.6727
Generator,solar,HR0 0,AC,3161740.90486
Generator,solar,HU0 0,AC,5859219.74672
Generator,solar,IE3 0,AC,930291.7103
Generator,solar,IT0 0,AC,266960982.38124
Generator,solar,IT4 0,AC,46221758.13301
Generator,solar,LT0 0,AC,7256441.80423
Generator,solar,LU0 0,AC,5155525.42768
Generator,solar,LV0 0,AC,16469762.46779
Generator,solar,ME0 0,AC,10559624.22874
Generator,solar,MK0 0,AC,12686322.70156
Generator,solar,NL0 0,AC,86459895.3798
Generator,solar,NO1 0,AC,321344.15035
Generator,solar,PL0 0,AC,40260996.72992
Generator,solar,PT0 0,AC,26862378.3314
Generator,solar,RO0 0,AC,26939141.92599
Generator,solar,RS0 0,AC,14063732.70089
Generator,solar,SE1 0,AC,1022844.39055
Generator,solar,SI0 0,AC,304067.91093
Generator,solar,SK0 0,AC,8254343.40035
Generator,solar,XK0 0,AC,1847346.65007
Generator,solar rooftop,AL0 0,low voltage,3433292.31481
Generator,solar rooftop,AT0 0,low voltage,13625413.41874
Generator,solar rooftop,BA0 0,low voltage,2290914.25566
Generator,solar rooftop,BE0 0,low voltage,1098128.15122
Generator,solar rooftop,BG0 0,low voltage,8273680.92343
Generator,solar rooftop,CH0 0,low voltage,17826498.25433
Generator,solar rooftop,CZ0 0,low voltage,495543.23779
Generator,solar rooftop,DE0 0,low voltage,726400.96633
Generator,solar rooftop,DE0 1,low voltage,3655504.58998
Generator,solar rooftop,DK0 0,low voltage,100860.31006
Generator,solar rooftop,DK1 0,low voltage,367044.78436
Generator,solar rooftop,EE0 0,low voltage,434219.66578
Generator,solar rooftop,ES0 0,low voltage,123986533.77757
Generator,solar rooftop,ES6 0,low voltage,1947334.2633
Generator,solar rooftop,FI1 0,low voltage,174143.35355
Generator,solar rooftop,FR0 0,low voltage,15764969.51797
Generator,solar rooftop,FR5 0,low voltage,614267.50687
Generator,solar rooftop,GB2 0,low voltage,282871.39663
Generator,solar rooftop,GB3 0,low voltage,65379.55991
Generator,solar rooftop,GR0 0,low voltage,21012562.99365
Generator,solar rooftop,HR0 0,low voltage,1734687.95844
Generator,solar rooftop,HU0 0,low voltage,2365786.134
Generator,solar rooftop,IE3 0,low voltage,127979.45748
Generator,solar rooftop,IT0 0,low voltage,113151528.11557
Generator,solar rooftop,IT4 0,low voltage,3478974.83571
Generator,solar rooftop,LT0 0,low voltage,796170.03643
Generator,solar rooftop,LU0 0,low voltage,945123.66937
Generator,solar rooftop,LV0 0,low voltage,1177914.35111
Generator,solar rooftop,ME0 0,low voltage,1419415.70229
Generator,solar rooftop,MK0 0,low voltage,3164850.58645
Generator,solar rooftop,NL0 0,low voltage,797211.63651
Generator,solar rooftop,NO1 0,low voltage,96641.57816
Generator,solar rooftop,PL0 0,low voltage,351040.58713
Generator,solar rooftop,PT0 0,low voltage,25320390.50173
Generator,solar rooftop,RO0 0,low voltage,4528667.69701
Generator,solar rooftop,RS0 0,low voltage,2755352.43644
Generator,solar rooftop,SE1 0,low voltage,233802.09875
Generator,solar rooftop,SI0 0,low voltage,221122.71689
Generator,solar rooftop,SK0 0,low voltage,3532328.4203
Generator,solar rooftop,XK0 0,low voltage,1494861.13376
Generator,solar-hsat,AL0 0,AC,896651.54866
Generator,solar-hsat,AT0 0,AC,1065573.08345
Generator,solar-hsat,BA0 0,AC,708905.73948
Generator,solar-hsat,BE0 0,AC,622883.5183
Generator,solar-hsat,BG0 0,AC,829697.88143
Generator,solar-hsat,CH0 0,AC,4817527.5298
Generator,solar-hsat,CZ0 0,AC,606231.05856
Generator,solar-hsat,DE0 0,AC,910983.92735
Generator,solar-hsat,DE0 1,AC,709393.14797
Generator,solar-hsat,DK0 0,AC,250148.71603
Generator,solar-hsat,DK1 0,AC,640091.27341
Generator,solar-hsat,EE0 0,AC,593230.32943
Generator,solar-hsat,ES0 0,AC,135634728.35404
Generator,solar-hsat,ES6 0,AC,819710.66655
Generator,solar-hsat,FI1 0,AC,321392.83759
Generator,solar-hsat,FR0 0,AC,1796239.8416
Generator,solar-hsat,FR5 0,AC,553340.87343
Generator,solar-hsat,GB2 0,AC,592355.95845
Generator,solar-hsat,GB3 0,AC,117153.86789
Generator,solar-hsat,GR0 0,AC,1498790.87759
Generator,solar-hsat,HR0 0,AC,586110.98039
Generator,solar-hsat,HU0 0,AC,662335.44203
Generator,solar-hsat,IE3 0,AC,239132.59743
Generator,solar-hsat,IT0 0,AC,1729475.49649
Generator,solar-hsat,IT4 0,AC,1039288.7828
Generator,solar-hsat,LT0 0,AC,653807.47332
Generator,solar-hsat,LU0 0,AC,416731.07153
Generator,solar-hsat,LV0 0,AC,665353.61343
Generator,solar-hsat,ME0 0,AC,745362.2854
Generator,solar-hsat,MK0 0,AC,811915.67428
Generator,solar-hsat,NL0 0,AC,567351.61484
Generator,solar-hsat,NO1 0,AC,342352.10696
Generator,solar-hsat,PL0 0,AC,1497860.80506
Generator,solar-hsat,PT0 0,AC,6234565.51029
Generator,solar-hsat,RO0 0,AC,1002774.10355
Generator,solar-hsat,RS0 0,AC,628398.84203
Generator,solar-hsat,SE1 0,AC,599428.70581
Generator,solar-hsat,SI0 0,AC,129881.25639
Generator,solar-hsat,SK0 0,AC,616933.40389
Generator,solar-hsat,XK0 0,AC,494306.60966
Generator,solid biomass,EU,solid biomass,831355500.43271
Generator,urban central solar thermal,AL0 0,urban central heat,15344.75717
Generator,urban central solar thermal,AT0 0,urban central heat,28389.00511
Generator,urban central solar thermal,BA0 0,urban central heat,13522.54909
Generator,urban central solar thermal,BE0 0,urban central heat,20394.19114
Generator,urban central solar thermal,BG0 0,urban central heat,27313.76781
Generator,urban central solar thermal,CH0 0,urban central heat,33915.6912
Generator,urban central solar thermal,CZ0 0,urban central heat,20634.48386
Generator,urban central solar thermal,DE0 0,urban central heat,26220.40882
Generator,urban central solar thermal,DE0 1,urban central heat,28424.79111
Generator,urban central solar thermal,DK0 0,urban central heat,13602.12117
Generator,urban central solar thermal,DK1 0,urban central heat,14222.60989
Generator,urban central solar thermal,EE0 0,urban central heat,7395.78646
Generator,urban central solar thermal,ES0 0,urban central heat,49876.80768
Generator,urban central solar thermal,ES6 0,urban central heat,8076.29042
Generator,urban central solar thermal,FI1 0,urban central heat,5899.93223
Generator,urban central solar thermal,FR0 0,urban central heat,51691.30454
Generator,urban central solar thermal,GB2 0,urban central heat,19943.70685
Generator,urban central solar thermal,GB3 0,urban central heat,3249.29458
Generator,urban central solar thermal,GR0 0,urban central heat,30435.85087
Generator,urban central solar thermal,HR0 0,urban central heat,19086.09701
Generator,urban central solar thermal,HU0 0,urban central heat,27208.521
Generator,urban central solar thermal,IE3 0,urban central heat,8974.66506
Generator,urban central solar thermal,IT0 0,urban central heat,54765.60466
Generator,urban central solar thermal,IT4 0,urban central heat,7111.87831
Generator,urban central solar thermal,LT0 0,urban central heat,8941.90696
Generator,urban central solar thermal,LU0 0,urban central heat,5645.44597
Generator,urban central solar thermal,LV0 0,urban central heat,11389.7584
Generator,urban central solar thermal,ME0 0,urban central heat,9451.92576
Generator,urban central solar thermal,MK0 0,urban central heat,11658.20376
Generator,urban central solar thermal,NL0 0,urban central heat,22928.85592
Generator,urban central solar thermal,NO1 0,urban central heat,9125.41808
Generator,urban central solar thermal,PL0 0,urban central heat,27780.92365
Generator,urban central solar thermal,PT0 0,urban central heat,39190.96814
Generator,urban central solar thermal,RO0 0,urban central heat,35634.73313
Generator,urban central solar thermal,RS0 0,urban central heat,20932.24534
Generator,urban central solar thermal,SE1 0,urban central heat,13155.20326
Generator,urban central solar thermal,SI0 0,urban central heat,11629.09757
Generator,urban central solar thermal,SK0 0,urban central heat,15684.39065
Generator,urban central solar thermal,XK0 0,urban central heat,9219.64744
Line,AC,AL0 0,AC,-26999745.98819
Line,AC,AT0 0,AC,-51129585.74806
Line,AC,BA0 0,AC,5418479.45404
Line,AC,BE0 0,AC,14373176.821
Line,AC,BG0 0,AC,17875516.05967
Line,AC,CH0 0,AC,-53101712.10827
Line,AC,CZ0 0,AC,95620536.37822
Line,AC,DE0 0,AC,128131694.85727
Line,AC,DE0 1,AC,5483509.15245
Line,AC,DK0 0,AC,-45814702.3897
Line,AC,DK1 0,AC,-3925413.18731
Line,AC,EE0 0,AC,-6260713.0457
Line,AC,ES0 0,AC,-45222766.71814
Line,AC,FI1 0,AC,-272993.45199
Line,AC,FR0 0,AC,-86997082.61401
Line,AC,GB3 0,AC,3813417.98686
Line,AC,GR0 0,AC,-50927168.42955
Line,AC,HR0 0,AC,20685639.90874
Line,AC,HU0 0,AC,28066642.75698
Line,AC,IE3 0,AC,-7957765.12238
Line,AC,IT0 0,AC,-10380992.17587
Line,AC,LT0 0,AC,-5204793.66679
Line,AC,LU0 0,AC,7304179.21638
Line,AC,LV0 0,AC,-295897.94474
Line,AC,ME0 0,AC,-14973633.42939
Line,AC,MK0 0,AC,-5165536.99939
Line,AC,NL0 0,AC,-49409404.42351
Line,AC,NO1 0,AC,1486361.13586
Line,AC,PL0 0,AC,-7900758.56317
Line,AC,PT0 0,AC,42347797.79025
Line,AC,RO0 0,AC,-11577511.34875
Line,AC,RS0 0,AC,26275380.22715
Line,AC,SE1 0,AC,-1184254.97119
Line,AC,SI0 0,AC,-60797305.80976
Line,AC,SK0 0,AC,24973652.56345
Line,AC,XK0 0,AC,6353341.01474
Link,BEV charger,AL0 0,EV battery,2065732.6069
Link,BEV charger,AL0 0,low voltage,-2295258.45211
Link,BEV charger,AT0 0,EV battery,21937477.41876
Link,BEV charger,AT0 0,low voltage,-24374974.90974
Link,BEV charger,BA0 0,EV battery,3451036.58834
Link,BEV charger,BA0 0,low voltage,-3834485.09815
Link,BEV charger,BE0 0,EV battery,29297055.73003
Link,BEV charger,BE0 0,low voltage,-32552284.14448
Link,BEV charger,BG0 0,EV battery,8181476.84798
Link,BEV charger,BG0 0,low voltage,-9090529.83109
Link,BEV charger,CH0 0,EV battery,12947380.44324
Link,BEV charger,CH0 0,low voltage,-14385978.27026
Link,BEV charger,CZ0 0,EV battery,20701586.53596
Link,BEV charger,CZ0 0,low voltage,-23001762.81773
Link,BEV charger,DE0 0,EV battery,105879279.66381
Link,BEV charger,DE0 0,low voltage,-117643644.0709
Link,BEV charger,DE0 1,EV battery,61926783.15402
Link,BEV charger,DE0 1,low voltage,-68807536.83781
Link,BEV charger,DK0 0,EV battery,8670473.47775
Link,BEV charger,DK0 0,low voltage,-9633859.41972
Link,BEV charger,DK1 0,EV battery,5005751.21238
Link,BEV charger,DK1 0,low voltage,-5561945.79154
Link,BEV charger,EE0 0,EV battery,2457936.47156
Link,BEV charger,EE0 0,low voltage,-2731040.52395
Link,BEV charger,ES0 0,EV battery,80888438.9084
Link,BEV charger,ES0 0,low voltage,-89876043.23155
Link,BEV charger,ES6 0,EV battery,1318827.91616
Link,BEV charger,ES6 0,low voltage,-1465364.35129
Link,BEV charger,FI1 0,EV battery,13577963.30815
Link,BEV charger,FI1 0,low voltage,-15086625.89794
Link,BEV charger,FR0 0,EV battery,135122082.19022
Link,BEV charger,FR0 0,low voltage,-150135646.87802
Link,BEV charger,FR5 0,EV battery,552750.17254
Link,BEV charger,FR5 0,low voltage,-614166.85838
Link,BEV charger,GB2 0,EV battery,101285157.32471
Link,BEV charger,GB2 0,low voltage,-112539063.69412
Link,BEV charger,GB3 0,EV battery,2742699.66658
Link,BEV charger,GB3 0,low voltage,-3047444.07398
Link,BEV charger,GR0 0,EV battery,15633320.84072
Link,BEV charger,GR0 0,low voltage,-17370356.48969
Link,BEV charger,HR0 0,EV battery,6518982.75115
Link,BEV charger,HR0 0,low voltage,-7243314.16794
Link,BEV charger,HU0 0,EV battery,14019534.81403
Link,BEV charger,HU0 0,low voltage,-15577260.90448
Link,BEV charger,IE3 0,EV battery,10939504.37563
Link,BEV charger,IE3 0,low voltage,-12155004.86181
Link,BEV charger,IT0 0,EV battery,104566850.43484
Link,BEV charger,IT0 0,low voltage,-116185389.37204
Link,BEV charger,IT4 0,EV battery,2611677.94856
Link,BEV charger,IT4 0,low voltage,-2901864.38729
Link,BEV charger,LT0 0,EV battery,6895851.99197
Link,BEV charger,LT0 0,low voltage,-7662057.76886
Link,BEV charger,LU0 0,EV battery,3076423.7732
Link,BEV charger,LU0 0,low voltage,-3418248.63689
Link,BEV charger,LV0 0,EV battery,3281567.94949
Link,BEV charger,LV0 0,low voltage,-3646186.61055
Link,BEV charger,ME0 0,EV battery,693802.21974
Link,BEV charger,ME0 0,low voltage,-770891.35526
Link,BEV charger,MK0 0,EV battery,1978787.37367
Link,BEV charger,MK0 0,low voltage,-2198652.63741
Link,BEV charger,NL0 0,EV battery,36083998.60427
Link,BEV charger,NL0 0,low voltage,-40093331.78252
Link,BEV charger,NO1 0,EV battery,9295287.03823
Link,BEV charger,NO1 0,low voltage,-10328096.70915
Link,BEV charger,PL0 0,EV battery,64121840.59597
Link,BEV charger,PL0 0,low voltage,-71246489.55108
Link,BEV charger,PT0 0,EV battery,19447413.59815
Link,BEV charger,PT0 0,low voltage,-21608237.33128
Link,BEV charger,RO0 0,EV battery,20407524.25306
Link,BEV charger,RO0 0,low voltage,-22675026.94785
Link,BEV charger,RS0 0,EV battery,5902513.86654
Link,BEV charger,RS0 0,low voltage,-6558348.7406
Link,BEV charger,SE1 0,EV battery,21150330.14852
Link,BEV charger,SE1 0,low voltage,-23500366.83169
Link,BEV charger,SI0 0,EV battery,5781865.14972
Link,BEV charger,SI0 0,low voltage,-6424294.6108
Link,BEV charger,SK0 0,EV battery,8955324.78719
Link,BEV charger,SK0 0,low voltage,-9950360.87465
Link,BEV charger,XK0 0,EV battery,1117141.95727
Link,BEV charger,XK0 0,low voltage,-1241268.84141
Link,CCGT,AL0 0,AC,66.26143
Link,CCGT,AT0 0,AC,58.35096
Link,CCGT,BA0 0,AC,64.10782
Link,CCGT,BE0 0,AC,55.83016
Link,CCGT,BG0 0,AC,54.81589
Link,CCGT,CH0 0,AC,54.57618
Link,CCGT,CZ0 0,AC,54.58693
Link,CCGT,DE0 0,AC,54.64912
Link,CCGT,DE0 1,AC,54.70166
Link,CCGT,DK0 0,AC,57.12579
Link,CCGT,DK1 0,AC,58.67761
Link,CCGT,EE0 0,AC,56.58587
Link,CCGT,ES0 0,AC,55.98371
Link,CCGT,ES6 0,AC,54.67615
Link,CCGT,EU,co2,738.15553
Link,CCGT,EU,gas,-3728.05825
Link,CCGT,FI1 0,AC,54.84558
Link,CCGT,FR0 0,AC,55.29641
Link,CCGT,FR5 0,AC,47.00525
Link,CCGT,GB2 0,AC,55.01497
Link,CCGT,GB3 0,AC,56.91937
Link,CCGT,GR0 0,AC,55.55756
Link,CCGT,HR0 0,AC,61.44357
Link,CCGT,HU0 0,AC,57.22364
Link,CCGT,IE3 0,AC,56.89512
Link,CCGT,IT0 0,AC,54.58512
Link,CCGT,IT4 0,AC,55.16607
Link,CCGT,LT0 0,AC,56.06502
Link,CCGT,LU0 0,AC,61.62112
Link,CCGT,LV0 0,AC,58.21882
Link,CCGT,ME0 0,AC,59.3798
Link,CCGT,MK0 0,AC,48.71528
Link,CCGT,NL0 0,AC,55.0004
Link,CCGT,NO1 0,AC,53.98214
Link,CCGT,PL0 0,AC,55.79233
Link,CCGT,PT0 0,AC,54.86462
Link,CCGT,RO0 0,AC,54.53675
Link,CCGT,RS0 0,AC,55.60252
Link,CCGT,SE1 0,AC,54.75592
Link,CCGT,SI0 0,AC,54.21314
Link,CCGT,SK0 0,AC,54.70902
Link,CCGT,XK0 0,AC,48.49614
Link,DC,BE0 0,AC,2250621.08648
Link,DC,CH0 0,AC,5647962.59538
Link,DC,DE0 0,AC,269426431.39323
Link,DC,DE0 1,AC,118698183.16326
Link,DC,DK0 0,AC,-42210486.0676
Link,DC,DK1 0,AC,-71947384.42515
Link,DC,EE0 0,AC,-1686338.4278
Link,DC,ES0 0,AC,14996488.65399
Link,DC,ES6 0,AC,-6845270.60039
Link,DC,FI1 0,AC,1283306.70068
Link,DC,FR0 0,AC,-142952284.43411
Link,DC,FR5 0,AC,36455001.0557
Link,DC,GB2 0,AC,-79286812.6961
Link,DC,GB3 0,AC,-35656314.22053
Link,DC,GR0 0,AC,-145073.8174
Link,DC,IE3 0,AC,-160143705.29144
Link,DC,IT0 0,AC,-68862937.16913
Link,DC,IT4 0,AC,-64497416.68533
Link,DC,LT0 0,AC,656664.23164
Link,DC,ME0 0,AC,3998127.70774
Link,DC,NL0 0,AC,71770739.34142
Link,DC,NO1 0,AC,15705690.99156
Link,DC,PL0 0,AC,34716087.73245
Link,DC,SE1 0,AC,-60960066.06766
Link,DC,SI0 0,AC,78300628.98672
Link,Fischer-Tropsch,AL0 0,H2,-1637625.59783
Link,Fischer-Tropsch,AL0 0,urban central heat,61820.36632
Link,Fischer-Tropsch,AT0 0,H2,-2561633.9211
Link,Fischer-Tropsch,AT0 0,urban central heat,96701.68052
Link,Fischer-Tropsch,BA0 0,H2,-1771168.48481
Link,Fischer-Tropsch,BA0 0,urban central heat,66861.6103
Link,Fischer-Tropsch,BE0 0,H2,-7157122.98136
Link,Fischer-Tropsch,BE0 0,urban central heat,270181.39255
Link,Fischer-Tropsch,BG0 0,H2,-2102493.26201
Link,Fischer-Tropsch,BG0 0,urban central heat,79369.12064
Link,Fischer-Tropsch,CH0 0,H2,-23651952.36708
Link,Fischer-Tropsch,CH0 0,urban central heat,892861.20186
Link,Fischer-Tropsch,CZ0 0,H2,-2146724.53921
Link,Fischer-Tropsch,CZ0 0,urban central heat,81038.85136
Link,Fischer-Tropsch,DE0 0,H2,-2807117.05255
Link,Fischer-Tropsch,DE0 0,urban central heat,105968.66873
Link,Fischer-Tropsch,DE0 1,H2,-2051010.84195
Link,Fischer-Tropsch,DE0 1,urban central heat,77425.65928
Link,Fischer-Tropsch,DK0 0,H2,-25440300.82115
Link,Fischer-Tropsch,DK0 0,urban central heat,960371.356
Link,Fischer-Tropsch,DK1 0,H2,-17759896.54634
Link,Fischer-Tropsch,DK1 0,urban central heat,670436.09462
Link,Fischer-Tropsch,EE0 0,H2,-1967801.18617
Link,Fischer-Tropsch,EE0 0,urban central heat,74284.49478
Link,Fischer-Tropsch,ES0 0,H2,-3878539.63455
Link,Fischer-Tropsch,ES0 0,urban central heat,146414.8712
Link,Fischer-Tropsch,ES6 0,H2,-247319.53199
Link,Fischer-Tropsch,ES6 0,urban central heat,9336.31233
Link,Fischer-Tropsch,EU,co2 stored,-221624666.5346
Link,Fischer-Tropsch,EU,oil,862017372.75222
Link,Fischer-Tropsch,FI1 0,H2,-66622814.47996
Link,Fischer-Tropsch,FI1 0,urban central heat,2515011.24662
Link,Fischer-Tropsch,FR0 0,H2,-339136129.63821
Link,Fischer-Tropsch,FR0 0,urban central heat,12802388.89384
Link,Fischer-Tropsch,FR5 0,H2,-3184284.17762
Link,Fischer-Tropsch,GB2 0,H2,-325516201.83616
Link,Fischer-Tropsch,GB2 0,urban central heat,12288236.61932
Link,Fischer-Tropsch,GB3 0,H2,-815743.26851
Link,Fischer-Tropsch,GB3 0,urban central heat,30794.30839
Link,Fischer-Tropsch,GR0 0,H2,-4268721.07873
Link,Fischer-Tropsch,GR0 0,urban central heat,161144.22072
Link,Fischer-Tropsch,HR0 0,H2,-1702237.33644
Link,Fischer-Tropsch,HR0 0,urban central heat,64259.45945
Link,Fischer-Tropsch,HU0 0,H2,-1817426.28416
Link,Fischer-Tropsch,HU0 0,urban central heat,68607.84223
Link,Fischer-Tropsch,IE3 0,H2,-1063358.60643
Link,Fischer-Tropsch,IE3 0,urban central heat,40141.78739
Link,Fischer-Tropsch,IT0 0,H2,-6602052.86304
Link,Fischer-Tropsch,IT0 0,urban central heat,249227.49558
Link,Fischer-Tropsch,IT4 0,H2,-736807.37171
Link,Fischer-Tropsch,IT4 0,urban central heat,27814.47828
Link,Fischer-Tropsch,LT0 0,H2,-3016305.5433
Link,Fischer-Tropsch,LT0 0,urban central heat,113865.53426
Link,Fischer-Tropsch,LU0 0,H2,-5272968.79122
Link,Fischer-Tropsch,LU0 0,urban central heat,199054.57187
Link,Fischer-Tropsch,LV0 0,H2,-6319276.27314
Link,Fischer-Tropsch,LV0 0,urban central heat,238552.67931
Link,Fischer-Tropsch,ME0 0,H2,-1073721.91854
Link,Fischer-Tropsch,ME0 0,urban central heat,40533.00242
Link,Fischer-Tropsch,MK0 0,H2,-1599951.91019
Link,Fischer-Tropsch,MK0 0,urban central heat,60398.18461
Link,Fischer-Tropsch,NL0 0,H2,-4258920.38442
Link,Fischer-Tropsch,NL0 0,urban central heat,160774.24451
Link,Fischer-Tropsch,NO1 0,H2,-57300044.09917
Link,Fischer-Tropsch,NO1 0,urban central heat,2163076.66474
Link,Fischer-Tropsch,PL0 0,H2,-1583859.51977
Link,Fischer-Tropsch,PL0 0,urban central heat,59790.69687
Link,Fischer-Tropsch,PT0 0,H2,-58699188.88477
Link,Fischer-Tropsch,PT0 0,urban central heat,2215894.3804
Link,Fischer-Tropsch,RO0 0,H2,-2125270.39864
Link,Fischer-Tropsch,RO0 0,urban central heat,80228.95755
Link,Fischer-Tropsch,RS0 0,H2,-1873816.96256
Link,Fischer-Tropsch,RS0 0,urban central heat,70736.59034
Link,Fischer-Tropsch,SE1 0,H2,-84283878.79736
Link,Fischer-Tropsch,SE1 0,urban central heat,3181716.4246
Link,Fischer-Tropsch,SI0 0,H2,-1964866.44037
Link,Fischer-Tropsch,SI0 0,urban central heat,74173.70812
Link,Fischer-Tropsch,SK0 0,H2,-1361120.20534
Link,Fischer-Tropsch,SK0 0,urban central heat,51382.28775
Link,Fischer-Tropsch,XK0 0,H2,-1490629.98224
Link,Fischer-Tropsch,XK0 0,urban central heat,56271.28183
Link,H2 Electrolysis,AL0 0,AC,-1209348.39919
Link,H2 Electrolysis,AL0 0,H2,845818.27039
Link,H2 Electrolysis,AL0 0,urban central heat,42508.59623
Link,H2 Electrolysis,AT0 0,AC,-694265.07121
Link,H2 Electrolysis,AT0 0,H2,485568.99081
Link,H2 Electrolysis,AT0 0,urban central heat,24403.41725
Link,H2 Electrolysis,BA0 0,AC,-532799.82366
Link,H2 Electrolysis,BA0 0,H2,372640.19667
Link,H2 Electrolysis,BA0 0,urban central heat,18727.9138
Link,H2 Electrolysis,BE0 0,AC,-1818922.93238
Link,H2 Electrolysis,BE0 0,H2,1272154.69891
Link,H2 Electrolysis,BE0 0,urban central heat,63935.14107
Link,H2 Electrolysis,BG0 0,AC,-2332030.64635
Link,H2 Electrolysis,BG0 0,H2,1631022.23406
Link,H2 Electrolysis,BG0 0,urban central heat,81970.87722
Link,H2 Electrolysis,CH0 0,AC,-66559757.73841
Link,H2 Electrolysis,CH0 0,H2,46551894.56224
Link,H2 Electrolysis,CH0 0,urban central heat,2339575.48451
Link,H2 Electrolysis,CZ0 0,AC,-482570.31331
Link,H2 Electrolysis,CZ0 0,H2,337509.67713
Link,H2 Electrolysis,CZ0 0,urban central heat,16962.34651
Link,H2 Electrolysis,DE0 0,AC,-897006.48613
Link,H2 Electrolysis,DE0 0,H2,627366.3364
Link,H2 Electrolysis,DE0 0,urban central heat,31529.77799
Link,H2 Electrolysis,DE0 1,AC,-818737.53077
Link,H2 Electrolysis,DE0 1,H2,572625.02902
Link,H2 Electrolysis,DE0 1,urban central heat,28778.62421
Link,H2 Electrolysis,DK0 0,AC,-91786149.2531
Link,H2 Electrolysis,DK0 0,H2,64195232.78762
Link,H2 Electrolysis,DK0 0,urban central heat,3226283.14625
Link,H2 Electrolysis,DK1 0,AC,-37165052.59942
Link,H2 Electrolysis,DK1 0,H2,25993237.78804
Link,H2 Electrolysis,DK1 0,urban central heat,1306351.59887
Link,H2 Electrolysis,EE0 0,AC,-15560950.19057
Link,H2 Electrolysis,EE0 0,H2,10883328.56328
Link,H2 Electrolysis,EE0 0,urban central heat,546967.3992
Link,H2 Electrolysis,ES0 0,AC,-397810330.84508
Link,H2 Electrolysis,ES0 0,H2,278228545.39305
Link,H2 Electrolysis,ES0 0,urban central heat,13983033.1292
Link,H2 Electrolysis,ES6 0,AC,-9700751.23673
Link,H2 Electrolysis,ES6 0,H2,6784705.41497
Link,H2 Electrolysis,ES6 0,urban central heat,340981.40597
Link,H2 Electrolysis,FI1 0,AC,-102673612.38483
Link,H2 Electrolysis,FI1 0,H2,71809924.50195
Link,H2 Electrolysis,FI1 0,urban central heat,3608977.47533
Link,H2 Electrolysis,FR0 0,AC,-521576087.11606
Link,H2 Electrolysis,FR0 0,H2,364790315.32897
Link,H2 Electrolysis,FR0 0,urban central heat,18333399.46213
Link,H2 Electrolysis,FR5 0,AC,-50416616.56802
Link,H2 Electrolysis,FR5 0,H2,35261381.62767
Link,H2 Electrolysis,GB2 0,AC,-757263887.4172
Link,H2 Electrolysis,GB2 0,H2,529630362.85959
Link,H2 Electrolysis,GB2 0,urban central heat,26617825.64271
Link,H2 Electrolysis,GB3 0,AC,-21487970.19833
Link,H2 Electrolysis,GB3 0,H2,15028686.35671
Link,H2 Electrolysis,GB3 0,urban central heat,755302.15247
Link,H2 Electrolysis,GR0 0,AC,-85396505.87377
Link,H2 Electrolysis,GR0 0,H2,59726316.20812
Link,H2 Electrolysis,GR0 0,urban central heat,3001687.18146
Link,H2 Electrolysis,HR0 0,AC,-470280.18888
Link,H2 Electrolysis,HR0 0,H2,328913.96411
Link,H2 Electrolysis,HR0 0,urban central heat,16530.34864
Link,H2 Electrolysis,HU0 0,AC,-648865.55716
Link,H2 Electrolysis,HU0 0,H2,453816.57068
Link,H2 Electrolysis,HU0 0,urban central heat,22807.62433
Link,H2 Electrolysis,IE3 0,AC,-110791015.05617
Link,H2 Electrolysis,IE3 0,H2,77487235.93029
Link,H2 Electrolysis,IE3 0,urban central heat,3894304.17922
Link,H2 Electrolysis,IT0 0,AC,-26285278.56704
Link,H2 Electrolysis,IT0 0,H2,18383923.82979
Link,H2 Electrolysis,IT0 0,urban central heat,923927.54163
Link,H2 Electrolysis,IT4 0,AC,-7314310.00545
Link,H2 Electrolysis,IT4 0,H2,5115628.41781
Link,H2 Electrolysis,IT4 0,urban central heat,257097.99669
Link,H2 Electrolysis,LT0 0,AC,-15421306.34928
Link,H2 Electrolysis,LT0 0,H2,10785661.66068
Link,H2 Electrolysis,LT0 0,urban central heat,542058.91818
Link,H2 Electrolysis,LU0 0,AC,-469657.06019
Link,H2 Electrolysis,LU0 0,H2,328478.1479
Link,H2 Electrolysis,LU0 0,urban central heat,16508.44567
Link,H2 Electrolysis,LV0 0,AC,-6329149.64566
Link,H2 Electrolysis,LV0 0,H2,4426607.26218
Link,H2 Electrolysis,LV0 0,urban central heat,222469.61004
Link,H2 Electrolysis,ME0 0,AC,-689425.94956
Link,H2 Electrolysis,ME0 0,H2,482184.50912
Link,H2 Electrolysis,ME0 0,urban central heat,24233.32213
Link,H2 Electrolysis,MK0 0,AC,-1121708.54917
Link,H2 Electrolysis,MK0 0,H2,784522.95929
Link,H2 Electrolysis,MK0 0,urban central heat,39428.0555
Link,H2 Electrolysis,NL0 0,AC,-2660120.52584
Link,H2 Electrolysis,NL0 0,H2,1860488.29577
Link,H2 Electrolysis,NL0 0,urban central heat,93503.23648
Link,H2 Electrolysis,NO1 0,AC,-67083644.99785
Link,H2 Electrolysis,NO1 0,H2,46918301.3115
Link,H2 Electrolysis,NO1 0,urban central heat,2357990.12167
Link,H2 Electrolysis,PL0 0,AC,-16797592.90893
Link,H2 Electrolysis,PL0 0,H2,11748236.4805
Link,H2 Electrolysis,PL0 0,urban central heat,590435.39075
Link,H2 Electrolysis,PT0 0,AC,-35452697.15549
Link,H2 Electrolysis,PT0 0,H2,24795616.39055
Link,H2 Electrolysis,PT0 0,urban central heat,1246162.30502
Link,H2 Electrolysis,RO0 0,AC,-12865345.10017
Link,H2 Electrolysis,RO0 0,H2,8998022.36306
Link,H2 Electrolysis,RO0 0,urban central heat,452216.88027
Link,H2 Electrolysis,RS0 0,AC,-618135.8349
Link,H2 Electrolysis,RS0 0,H2,432324.20293
Link,H2 Electrolysis,RS0 0,urban central heat,21727.4746
Link,H2 Electrolysis,SE1 0,AC,-158609436.22772
Link,H2 Electrolysis,SE1 0,H2,110931439.69767
Link,H2 Electrolysis,SE1 0,urban central heat,5575121.6834
Link,H2 Electrolysis,SI0 0,AC,-997649.04119
Link,H2 Electrolysis,SI0 0,H2,697755.73941
Link,H2 Electrolysis,SI0 0,urban central heat,35067.3638
Link,H2 Electrolysis,SK0 0,AC,-546153.72127
Link,H2 Electrolysis,SK0 0,H2,381979.91266
Link,H2 Electrolysis,SK0 0,urban central heat,19197.3033
Link,H2 Electrolysis,XK0 0,AC,-721564.54792
Link,H2 Electrolysis,XK0 0,H2,504662.24481
Link,H2 Electrolysis,XK0 0,urban central heat,25362.99386
Link,H2 pipeline,AL0 0,AC,-64377.22852
Link,H2 pipeline,AL0 0,H2,2684391.52039
Link,H2 pipeline,AT0 0,AC,-221027.14476
Link,H2 pipeline,AT0 0,H2,11985783.05215
Link,H2 pipeline,BA0 0,AC,-51366.12996
Link,H2 pipeline,BA0 0,H2,3213103.10322
Link,H2 pipeline,BE0 0,AC,-426370.07108
Link,H2 pipeline,BE0 0,H2,17162176.43823
Link,H2 pipeline,BG0 0,AC,-114718.7087
Link,H2 pipeline,BG0 0,H2,3579785.37005
Link,H2 pipeline,CH0 0,AC,-425003.46579
Link,H2 pipeline,CH0 0,H2,-19191473.02642
Link,H2 pipeline,CZ0 0,AC,-133466.31283
Link,H2 pipeline,CZ0 0,H2,5918794.64825
Link,H2 pipeline,DE0 0,AC,-492507.84532
Link,H2 pipeline,DE0 0,H2,35346886.52859
Link,H2 pipeline,DE0 1,AC,-251848.19068
Link,H2 pipeline,DE0 1,H2,9875746.06224
Link,H2 pipeline,DK0 0,AC,-603394.55667
Link,H2 pipeline,DK0 0,H2,-36825061.55246
Link,H2 pipeline,DK1 0,AC,-182303.80795
Link,H2 pipeline,DK1 0,H2,-6550802.1588
Link,H2 pipeline,EE0 0,AC,-98481.62031
Link,H2 pipeline,EE0 0,H2,-7708773.00531
Link,H2 pipeline,ES0 0,AC,-857448.63087
Link,H2 pipeline,ES0 0,H2,13245782.86155
Link,H2 pipeline,ES6 0,AC,-108318.48571
Link,H2 pipeline,ES6 0,H2,-5909701.60779
Link,H2 pipeline,FI1 0,AC,-173803.75356
Link,H2 pipeline,FI1 0,H2,-1101548.68954
Link,H2 pipeline,FR0 0,AC,-1826737.19049
Link,H2 pipeline,FR0 0,H2,-6172507.45363
Link,H2 pipeline,FR5 0,AC,-103724.46488
Link,H2 pipeline,FR5 0,H2,-13482383.2395
Link,H2 pipeline,GB2 0,AC,-1281355.525
Link,H2 pipeline,GB2 0,H2,2180618.37539
Link,H2 pipeline,GB3 0,AC,-180003.07317
Link,H2 pipeline,GB3 0,H2,-10205674.50666
Link,H2 pipeline,GR0 0,AC,-324525.80076
Link,H2 pipeline,GR0 0,H2,-28411709.44987
Link,H2 pipeline,HR0 0,AC,-83332.01535
Link,H2 pipeline,HR0 0,H2,5155693.56915
Link,H2 pipeline,HU0 0,AC,-154809.08863
Link,H2 pipeline,HU0 0,H2,5958423.46799
Link,H2 pipeline,IE3 0,AC,-714998.74119
Link,H2 pipeline,IE3 0,H2,-67711237.15442
Link,H2 pipeline,IT0 0,AC,-509342.74312
Link,H2 pipeline,IT0 0,H2,-1814434.33295
Link,H2 pipeline,IT4 0,AC,-78091.91005
Link,H2 pipeline,IT4 0,H2,-3692407.10496
Link,H2 pipeline,LT0 0,AC,-174086.38026
Link,H2 pipeline,LT0 0,H2,-648538.24363
Link,H2 pipeline,LU0 0,AC,-132722.34802
Link,H2 pipeline,LU0 0,H2,5748795.49579
Link,H2 pipeline,LV0 0,AC,-61713.96727
Link,H2 pipeline,LV0 0,H2,2893649.0297
Link,H2 pipeline,ME0 0,AC,-96290.35944
Link,H2 pipeline,ME0 0,H2,1759560.62045
Link,H2 pipeline,MK0 0,AC,-97238.21809
Link,H2 pipeline,MK0 0,H2,3143893.07388
Link,H2 pipeline,NL0 0,AC,-270624.4146
Link,H2 pipeline,NL0 0,H2,23802955.05407
Link,H2 pipeline,NO1 0,AC,-378110.20157
Link,H2 pipeline,NO1 0,H2,16128169.36089
Link,H2 pipeline,PL0 0,AC,-232756.2112
Link,H2 pipeline,PL0 0,H2,9772855.98606
Link,H2 pipeline,PT0 0,AC,-23103.67807
Link,H2 pipeline,PT0 0,H2,36045460.28864
Link,H2 pipeline,RO0 0,AC,-91754.9013
Link,H2 pipeline,RO0 0,H2,-36355.22138
Link,H2 pipeline,RS0 0,AC,-166209.85507
Link,H2 pipeline,RS0 0,H2,3782085.80269
Link,H2 pipeline,SE1 0,AC,-579154.75413
Link,H2 pipeline,SE1 0,H2,-22571247.55646
Link,H2 pipeline,SI0 0,AC,-130768.01484
Link,H2 pipeline,SI0 0,H2,2299687.02594
Link,H2 pipeline,SK0 0,AC,-98614.45584
Link,H2 pipeline,SK0 0,H2,7810832.2399
Link,H2 pipeline,XK0 0,AC,-61065.37085
Link,H2 pipeline,XK0 0,H2,2538725.32856
Link,HVC to air,EU,co2,16.16258
Link,HVC to air,EU,non-sequestered HVC,-62.86496
Link,agriculture machinery oil,EU,agriculture machinery oil,29756221.70473
Link,agriculture machinery oil,EU,co2,7650324.60029
Link,agriculture machinery oil,EU,oil,-29756221.70473
Link,battery charger,AL0 0,AC,-4486825.93697
Link,battery charger,AL0 0,battery,4396173.64411
Link,battery charger,AT0 0,AC,-53809675.8623
Link,battery charger,AT0 0,battery,52722499.63487
Link,battery charger,BA0 0,AC,-2501330.82852
Link,battery charger,BA0 0,battery,2450793.68311
Link,battery charger,BE0 0,AC,-21786911.04799
Link,battery charger,BE0 0,battery,21346726.05559
Link,battery charger,BG0 0,AC,-3874056.2351
Link,battery charger,BG0 0,battery,3795784.40434
Link,battery charger,CH0 0,AC,-32108054.10018
Link,battery charger,CH0 0,battery,31459339.67164
Link,battery charger,CZ0 0,AC,-6137404.11505
Link,battery charger,CZ0 0,battery,6013403.37085
Link,battery charger,DE0 0,AC,-8920962.87106
Link,battery charger,DE0 0,battery,8740722.81936
Link,battery charger,DE0 1,AC,-25339043.22276
Link,battery charger,DE0 1,battery,24827090.58644
Link,battery charger,DK0 0,AC,-8172111.69064
Link,battery charger,DK0 0,battery,8007001.50524
Link,battery charger,DK1 0,AC,-17061421.41852
Link,battery charger,DK1 0,battery,16716710.70478
Link,battery charger,EE0 0,AC,-5250946.21787
Link,battery charger,EE0 0,battery,5144855.56023
Link,battery charger,ES0 0,AC,-225227040.39182
Link,battery charger,ES0 0,battery,220676530.09487
Link,battery charger,ES6 0,AC,-4932375.00155
Link,battery charger,ES6 0,battery,4832720.78955
Link,battery charger,FI1 0,AC,-10958799.16292
Link,battery charger,FI1 0,battery,10737386.45712
Link,battery charger,FR0 0,AC,-7225430.72067
Link,battery charger,FR0 0,battery,7079447.37499
Link,battery charger,FR5 0,AC,-8661277.75678
Link,battery charger,FR5 0,battery,8486284.40985
Link,battery charger,GB2 0,AC,-19301590.23991
Link,battery charger,GB2 0,battery,18911618.92482
Link,battery charger,GB3 0,AC,-7270662.24289
Link,battery charger,GB3 0,battery,7123765.03488
Link,battery charger,GR0 0,AC,-95954147.27695
Link,battery charger,GR0 0,battery,94015479.81296
Link,battery charger,HR0 0,AC,-2868501.83074
Link,battery charger,HR0 0,battery,2810546.32462
Link,battery charger,HU0 0,AC,-6670615.29208
Link,battery charger,HU0 0,battery,6535841.4944
Link,battery charger,IE3 0,AC,-9907785.71222
Link,battery charger,IE3 0,battery,9707607.79031
Link,battery charger,IT0 0,AC,-73647168.91501
Link,battery charger,IT0 0,battery,72159193.93694
Link,battery charger,IT4 0,AC,-28047825.69266
Link,battery charger,IT4 0,battery,27481144.53662
Link,battery charger,LT0 0,AC,-5860145.33474
Link,battery charger,LT0 0,battery,5741746.35547
Link,battery charger,LU0 0,AC,-4930094.03149
Link,battery charger,LU0 0,battery,4830485.90443
Link,battery charger,LV0 0,AC,-6493712.69659
Link,battery charger,LV0 0,battery,6362513.05715
Link,battery charger,ME0 0,AC,-4287062.4111
Link,battery charger,ME0 0,battery,4200446.16107
Link,battery charger,MK0 0,AC,-5127635.66874
Link,battery charger,MK0 0,battery,5024036.39013
Link,battery charger,NL0 0,AC,-25187668.65803
Link,battery charger,NL0 0,battery,24678774.40899
Link,battery charger,NO1 0,AC,-5178271.60954
Link,battery charger,NO1 0,battery,5073649.27716
Link,battery charger,PL0 0,AC,-19223542.48485
Link,battery charger,PL0 0,battery,18835148.05464
Link,battery charger,PT0 0,AC,-17128121.39018
Link,battery charger,PT0 0,battery,16782063.06335
Link,battery charger,RO0 0,AC,-4501799.12714
Link,battery charger,RO0 0,battery,4410844.3144
Link,battery charger,RS0 0,AC,-3272877.83256
Link,battery charger,RS0 0,battery,3206752.27209
Link,battery charger,SE1 0,AC,-5574629.8323
Link,battery charger,SE1 0,battery,5461999.43761
Link,battery charger,SI0 0,AC,-7079541.71312
Link,battery charger,SI0 0,battery,6936505.92396
Link,battery charger,SK0 0,AC,-6526116.399
Link,battery charger,SK0 0,battery,6394262.07183
Link,battery charger,XK0 0,AC,-2903394.37977
Link,battery charger,XK0 0,battery,2844733.901
Link,battery discharger,AL0 0,AC,4307402.99148
Link,battery discharger,AL0 0,battery,-4396224.76903
Link,battery discharger,AT0 0,AC,51657339.31939
Link,battery discharger,AT0 0,battery,-52722551.16764
Link,battery discharger,BA0 0,AC,2401327.21778
Link,battery discharger,BA0 0,battery,-2450844.32876
Link,battery discharger,BE0 0,AC,20915476.6165
Link,battery discharger,BE0 0,battery,-21346768.93231
Link,battery discharger,BG0 0,AC,3719137.46196
Link,battery discharger,BG0 0,battery,-3795828.77711
Link,battery discharger,CH0 0,AC,30823775.02813
Link,battery discharger,CH0 0,battery,-31459383.65219
Link,battery discharger,CZ0 0,AC,5891948.61754
Link,battery discharger,CZ0 0,battery,-6013444.87653
Link,battery discharger,DE0 0,AC,8564167.47517
Link,battery discharger,DE0 0,battery,-8740766.82746
Link,battery discharger,DE0 1,AC,24325524.75926
Link,battery discharger,DE0 1,battery,-24827134.74401
Link,battery discharger,DK0 0,AC,7845276.02915
Link,battery discharger,DK0 0,battery,-8007051.31779
Link,battery discharger,DK1 0,AC,16379012.32898
Link,battery discharger,DK1 0,battery,-16716759.45699
Link,battery discharger,EE0 0,AC,5040954.21697
Link,battery discharger,EE0 0,battery,-5144902.35346
Link,battery discharger,ES0 0,AC,216218002.9957
Link,battery discharger,ES0 0,battery,-220676575.22626
Link,battery discharger,ES6 0,AC,4735123.27777
Link,battery discharger,ES6 0,battery,-4832764.95822
Link,battery discharger,FI1 0,AC,10520490.66352
Link,battery discharger,FI1 0,battery,-10737430.82056
Link,battery discharger,FR0 0,AC,6936457.29043
Link,battery discharger,FR0 0,battery,-7079492.07673
Link,battery discharger,FR5 0,AC,8314867.36706
Link,battery discharger,FR5 0,battery,-8486325.97009
Link,battery discharger,GB2 0,AC,18529567.67967
Link,battery discharger,GB2 0,battery,-18911660.82064
Link,battery discharger,GB3 0,AC,6979878.82455
Link,battery discharger,GB3 0,battery,-7123808.99442
Link,battery discharger,GR0 0,AC,92116026.91721
Link,battery discharger,GR0 0,battery,-94015526.28319
Link,battery discharger,HR0 0,AC,2753810.32783
Link,battery discharger,HR0 0,battery,-2810595.89649
Link,battery discharger,HU0 0,AC,6403832.80312
Link,battery discharger,HU0 0,battery,-6535884.48573
Link,battery discharger,IE3 0,AC,9511521.25402
Link,battery discharger,IE3 0,battery,-9707655.72916
Link,battery discharger,IT0 0,AC,70701323.76916
Link,battery discharger,IT0 0,battery,-72159236.40573
Link,battery discharger,IT4 0,AC,26925958.53285
Link,battery discharger,IT4 0,battery,-27481191.35035
Link,battery discharger,LT0 0,AC,5625781.62172
Link,battery discharger,LT0 0,battery,-5741789.32398
Link,battery discharger,LU0 0,AC,4732940.0748
Link,battery discharger,LU0 0,battery,-4830536.73602
Link,battery discharger,LV0 0,AC,6234011.6784
Link,battery discharger,LV0 0,battery,-6362561.5261
Link,battery discharger,ME0 0,AC,4115628.15361
Link,battery discharger,ME0 0,battery,-4200495.39474
Link,battery discharger,MK0 0,AC,4922580.17406
Link,battery discharger,MK0 0,battery,-5024087.35183
Link,battery discharger,NL0 0,AC,24180203.51103
Link,battery discharger,NL0 0,battery,-24678816.86611
Link,battery discharger,NO1 0,AC,4971183.06604
Link,battery discharger,NO1 0,battery,-5073692.47074
Link,battery discharger,PL0 0,AC,18454647.88246
Link,battery discharger,PL0 0,battery,-18835196.12282
Link,battery discharger,PT0 0,AC,16443041.91869
Link,battery discharger,PT0 0,battery,-16782109.38333
Link,battery discharger,RO0 0,AC,4321767.80399
Link,battery discharger,RO0 0,battery,-4410885.7944
Link,battery discharger,RS0 0,AC,3142011.81456
Link,battery discharger,RS0 0,battery,-3206802.37978
Link,battery discharger,SE1 0,AC,5351687.72456
Link,battery discharger,SE1 0,battery,-5462043.41162
Link,battery discharger,SI0 0,AC,6796401.002
Link,battery discharger,SI0 0,battery,-6936547.72593
Link,battery discharger,SK0 0,AC,6265112.96407
Link,battery discharger,SK0 0,battery,-6394304.14286
Link,battery discharger,XK0 0,AC,2787308.67893
Link,battery discharger,XK0 0,battery,-2844785.00792
Link,co2 sequestered,EU,co2 sequestered,143822348.8841
Link,co2 sequestered,EU,co2 stored,-143822348.8841
Link,electricity distribution grid,AL0 0,AC,-5123349.58258
Link,electricity distribution grid,AL0 0,low voltage,4933733.83713
Link,electricity distribution grid,AT0 0,AC,-123769620.70321
Link,electricity distribution grid,AT0 0,low voltage,119824989.55292
Link,electricity distribution grid,BA0 0,AC,-15751612.58207
Link,electricity distribution grid,BA0 0,low voltage,15226780.43437
Link,electricity distribution grid,BE0 0,AC,-186878591.75321
Link,electricity distribution grid,BE0 0,low voltage,180940065.7655
Link,electricity distribution grid,BG0 0,AC,-45330062.20043
Link,electricity distribution grid,BG0 0,low voltage,43745804.73012
Link,electricity distribution grid,CH0 0,AC,-70781323.68403
Link,electricity distribution grid,CH0 0,low voltage,68279810.69791
Link,electricity distribution grid,CZ0 0,AC,-127564724.67313
Link,electricity distribution grid,CZ0 0,low voltage,123565931.19509
Link,electricity distribution grid,DE0 0,AC,-690616763.2161
Link,electricity distribution grid,DE0 0,low voltage,669589600.61435
Link,electricity distribution grid,DE0 1,AC,-401494096.40539
Link,electricity distribution grid,DE0 1,low voltage,389167344.10726
Link,electricity distribution grid,DK0 0,AC,-47868262.79311
Link,electricity distribution grid,DK0 0,low voltage,46232317.09258
Link,electricity distribution grid,DK1 0,AC,-28808141.75177
Link,electricity distribution grid,DK1 0,low voltage,27823090.97334
Link,electricity distribution grid,EE0 0,AC,-14317781.48584
Link,electricity distribution grid,EE0 0,low voltage,13784524.61709
Link,electricity distribution grid,ES0 0,AC,-314738782.70168
Link,electricity distribution grid,ES0 0,low voltage,304658677.47721
Link,electricity distribution grid,ES6 0,AC,-9243410.10078
Link,electricity distribution grid,ES6 0,low voltage,8888657.50281
Link,electricity distribution grid,FI1 0,AC,-132548116.67333
Link,electricity distribution grid,FI1 0,low voltage,128293901.96582
Link,electricity distribution grid,FR0 0,AC,-787643376.93285
Link,electricity distribution grid,FR0 0,low voltage,763402540.84692
Link,electricity distribution grid,FR5 0,AC,-5329347.64968
Link,electricity distribution grid,FR5 0,low voltage,5113900.93906
Link,electricity distribution grid,GB2 0,AC,-575494104.82327
Link,electricity distribution grid,GB2 0,low voltage,557519709.12474
Link,electricity distribution grid,GB3 0,AC,-17891718.21403
Link,electricity distribution grid,GB3 0,low voltage,17256083.10931
Link,electricity distribution grid,GR0 0,AC,-50123628.68581
Link,electricity distribution grid,GR0 0,low voltage,48107110.62611
Link,electricity distribution grid,HR0 0,AC,-32376997.98825
Link,electricity distribution grid,HR0 0,low voltage,31309983.65853
Link,electricity distribution grid,HU0 0,AC,-87807092.68678
Link,electricity distribution grid,HU0 0,low voltage,84959711.86737
Link,electricity distribution grid,IE3 0,AC,-50904225.0383
Link,electricity distribution grid,IE3 0,low voltage,49137380.77028
Link,electricity distribution grid,IT0 0,AC,-461760332.16519
Link,electricity distribution grid,IT0 0,low voltage,447154630.66565
Link,electricity distribution grid,IT4 0,AC,-14670687.86292
Link,electricity distribution grid,IT4 0,low voltage,14097955.37259
Link,electricity distribution grid,LT0 0,AC,-23604489.3745
Link,electricity distribution grid,LT0 0,low voltage,22747830.98937
Link,electricity distribution grid,LU0 0,AC,-11738901.2745
Link,electricity distribution grid,LU0 0,low voltage,11346481.82374
Link,electricity distribution grid,LV0 0,AC,-17310024.67102
Link,electricity distribution grid,LV0 0,low voltage,16681108.19725
Link,electricity distribution grid,ME0 0,AC,-3030775.65999
Link,electricity distribution grid,ME0 0,low voltage,2910760.05608
Link,electricity distribution grid,MK0 0,AC,-7805359.95861
Link,electricity distribution grid,MK0 0,low voltage,7519471.44571
Link,electricity distribution grid,NL0 0,AC,-267566248.62554
Link,electricity distribution grid,NL0 0,low voltage,259083686.81488
Link,electricity distribution grid,NO1 0,AC,-133332345.11875
Link,electricity distribution grid,NO1 0,low voltage,129037042.4021
Link,electricity distribution grid,PL0 0,AC,-334982997.70827
Link,electricity distribution grid,PL0 0,low voltage,324580143.4962
Link,electricity distribution grid,PT0 0,AC,-62205579.71377
Link,electricity distribution grid,PT0 0,low voltage,60044427.50853
Link,electricity distribution grid,RO0 0,AC,-111763960.8497
Link,electricity distribution grid,RO0 0,low voltage,108134620.7552
Link,electricity distribution grid,RS0 0,AC,-49253235.42324
Link,electricity distribution grid,RS0 0,low voltage,47646737.35528
Link,electricity distribution grid,SE1 0,AC,-177513597.78773
Link,electricity distribution grid,SE1 0,low voltage,171917921.3862
Link,electricity distribution grid,SI0 0,AC,-23868505.00905
Link,electricity distribution grid,SI0 0,low voltage,23039567.97137
Link,electricity distribution grid,SK0 0,AC,-47846918.05274
Link,electricity distribution grid,SK0 0,low voltage,46247931.22616
Link,electricity distribution grid,XK0 0,AC,-7625011.14358
Link,electricity distribution grid,XK0 0,low voltage,7359465.79032
Link,gas for industry,EU,co2,14.73638
Link,gas for industry,EU,gas,-74.42615
Link,gas for industry,EU,gas for industry,74.42615
Link,gas for industry CC,EU,co2,2544990.86072
Link,gas for industry CC,EU,co2 stored,48354826.35371
Link,gas for industry CC,EU,gas,-257069783.91125
Link,gas for industry CC,EU,gas for industry,231362805.52013
Link,home battery charger,AL0 0,home battery,1167867.44557
Link,home battery charger,AL0 0,low voltage,-1191949.72036
Link,home battery charger,AT0 0,home battery,1757371.14026
Link,home battery charger,AT0 0,low voltage,-1793609.40931
Link,home battery charger,BA0 0,home battery,1087169.20134
Link,home battery charger,BA0 0,low voltage,-1109587.41973
Link,home battery charger,BE0 0,home battery,2731202.69061
Link,home battery charger,BE0 0,low voltage,-2787522.07338
Link,home battery charger,BG0 0,home battery,2521832.19601
Link,home battery charger,BG0 0,low voltage,-2573834.20715
Link,home battery charger,CH0 0,home battery,6024411.72055
Link,home battery charger,CH0 0,low voltage,-6148639.46492
Link,home battery charger,CZ0 0,home battery,2339903.08951
Link,home battery charger,CZ0 0,low voltage,-2388153.59036
Link,home battery charger,DE0 0,home battery,4786172.53956
Link,home battery charger,DE0 0,low voltage,-4884866.89285
Link,home battery charger,DE0 1,home battery,2520693.89417
Link,home battery charger,DE0 1,low voltage,-2572672.43269
Link,home battery charger,DK0 0,home battery,2205921.89965
Link,home battery charger,DK0 0,low voltage,-2251409.61107
Link,home battery charger,DK1 0,home battery,1747038.40798
Link,home battery charger,DK1 0,low voltage,-1783063.60858
Link,home battery charger,EE0 0,home battery,1942728.54163
Link,home battery charger,EE0 0,low voltage,-1982789.01489
Link,home battery charger,ES0 0,home battery,6283106.92928
Link,home battery charger,ES0 0,low voltage,-6412669.1567
Link,home battery charger,ES6 0,home battery,2486150.52084
Link,home battery charger,ES6 0,low voltage,-2537416.74993
Link,home battery charger,FI1 0,home battery,3392059.07238
Link,home battery charger,FI1 0,low voltage,-3462005.79362
Link,home battery charger,FR0 0,home battery,6888147.59478
Link,home battery charger,FR0 0,low voltage,-7030186.20008
Link,home battery charger,FR5 0,home battery,1835842.91053
Link,home battery charger,FR5 0,low voltage,-1873699.32446
Link,home battery charger,GB2 0,home battery,2421499.93936
Link,home battery charger,GB2 0,low voltage,-2471433.0265
Link,home battery charger,GB3 0,home battery,2626922.32779
Link,home battery charger,GB3 0,low voltage,-2681091.37375
Link,home battery charger,GR0 0,home battery,5808490.49816
Link,home battery charger,GR0 0,low voltage,-5928265.79013
Link,home battery charger,HR0 0,home battery,1442755.95317
Link,home battery charger,HR0 0,low voltage,-1472506.62859
Link,home battery charger,HU0 0,home battery,2924814.90709
Link,home battery charger,HU0 0,low voltage,-2985126.71436
Link,home battery charger,IE3 0,home battery,3817402.71484
Link,home battery charger,IE3 0,low voltage,-3896120.33086
Link,home battery charger,IT0 0,home battery,15378908.01421
Link,home battery charger,IT0 0,low voltage,-15696032.265
Link,home battery charger,IT4 0,home battery,2558888.21639
Link,home battery charger,IT4 0,low voltage,-2611654.34957
Link,home battery charger,LT0 0,home battery,2608566.14145
Link,home battery charger,LT0 0,low voltage,-2662356.66952
Link,home battery charger,LU0 0,home battery,1126605.84414
Link,home battery charger,LU0 0,low voltage,-1149837.27474
Link,home battery charger,LV0 0,home battery,1968246.54017
Link,home battery charger,LV0 0,low voltage,-2008833.21308
Link,home battery charger,ME0 0,home battery,1459725.77824
Link,home battery charger,ME0 0,low voltage,-1489826.38378
Link,home battery charger,MK0 0,home battery,1285004.21534
Link,home battery charger,MK0 0,low voltage,-1311501.93538
Link,home battery charger,NL0 0,home battery,4577159.86407
Link,home battery charger,NL0 0,low voltage,-4671544.22421
Link,home battery charger,NO1 0,home battery,3310710.41693
Link,home battery charger,NO1 0,low voltage,-3378979.66983
Link,home battery charger,PL0 0,home battery,2724919.16591
Link,home battery charger,PL0 0,low voltage,-2781108.97783
Link,home battery charger,PT0 0,home battery,2885284.57879
Link,home battery charger,PT0 0,low voltage,-2944781.24198
Link,home battery charger,RO0 0,home battery,5330448.84191
Link,home battery charger,RO0 0,low voltage,-5440366.56779
Link,home battery charger,RS0 0,home battery,1804634.47457
Link,home battery charger,RS0 0,low voltage,-1841847.34789
Link,home battery charger,SE1 0,home battery,3078497.65888
Link,home battery charger,SE1 0,low voltage,-3141978.51609
Link,home battery charger,SI0 0,home battery,2552381.78971
Link,home battery charger,SI0 0,low voltage,-2605013.75565
Link,home battery charger,SK0 0,home battery,2514174.41492
Link,home battery charger,SK0 0,low voltage,-2566018.51705
Link,home battery charger,XK0 0,home battery,1054392.82253
Link,home battery charger,XK0 0,low voltage,-1076135.16819
Link,home battery discharger,AL0 0,home battery,-1167918.07228
Link,home battery discharger,AL0 0,low voltage,1144321.33539
Link,home battery discharger,AT0 0,home battery,-1757422.62397
Link,home battery discharger,AT0 0,low voltage,1721915.47646
Link,home battery discharger,BA0 0,home battery,-1087218.53461
Link,home battery discharger,BA0 0,low voltage,1065252.25948
Link,home battery discharger,BE0 0,home battery,-2731247.87781
Link,home battery discharger,BE0 0,low voltage,2676065.46468
Link,home battery discharger,BG0 0,home battery,-2521877.07065
Link,home battery discharger,BG0 0,low voltage,2470924.80685
Link,home battery discharger,CH0 0,home battery,-6024456.27695
Link,home battery discharger,CH0 0,low voltage,5902737.54249
Link,home battery discharger,CZ0 0,home battery,-2339947.62352
Link,home battery discharger,CZ0 0,low voltage,2292671.08098
Link,home battery discharger,DE0 0,home battery,-4786217.47774
Link,home battery discharger,DE0 0,low voltage,4689516.24738
Link,home battery discharger,DE0 1,home battery,-2520738.82352
Link,home battery discharger,DE0 1,low voltage,2469809.55697
Link,home battery discharger,DK0 0,home battery,-2205970.9635
Link,home battery discharger,DK0 0,low voltage,2161401.29919
Link,home battery discharger,DK1 0,home battery,-1747086.94157
Link,home battery discharger,DK1 0,low voltage,1711788.61725
Link,home battery discharger,EE0 0,home battery,-1942776.12419
Link,home battery discharger,EE0 0,low voltage,1903524.07549
Link,home battery discharger,ES0 0,home battery,-6283152.30989
Link,home battery discharger,ES0 0,low voltage,6156206.85417
Link,home battery discharger,ES6 0,home battery,-2486195.2638
Link,home battery discharger,ES6 0,low voltage,2435963.91889
Link,home battery discharger,FI1 0,home battery,-3392103.34483
Link,home battery discharger,FI1 0,low voltage,3323568.93985
Link,home battery discharger,FR0 0,home battery,-6888192.87328
Link,home battery discharger,FR0 0,low voltage,6749023.11576
Link,home battery discharger,FR5 0,home battery,-1835888.17738
Link,home battery discharger,FR5 0,low voltage,1798795.70376
Link,home battery discharger,GB2 0,home battery,-2421545.08994
Link,home battery discharger,GB2 0,low voltage,2372619.9438
Link,home battery discharger,GB3 0,home battery,-2626968.33733
Link,home battery discharger,GB3 0,low voltage,2573892.79876
Link,home battery discharger,GR0 0,home battery,-5808537.07794
Link,home battery discharger,GR0 0,low voltage,5691180.7972
Link,home battery discharger,HR0 0,home battery,-1442805.15311
Link,home battery discharger,HR0 0,low voltage,1413654.56935
Link,home battery discharger,HU0 0,home battery,-2924860.11642
Link,home battery discharger,HU0 0,low voltage,2865765.9417
Link,home battery discharger,IE3 0,home battery,-3817450.49065
Link,home battery discharger,IE3 0,low voltage,3740322.32817
Link,home battery discharger,IT0 0,home battery,-15378953.12457
Link,home battery discharger,IT0 0,low voltage,15068235.17335
Link,home battery discharger,IT4 0,home battery,-2558935.79049
Link,home battery discharger,IT4 0,low voltage,2507234.78849
Link,home battery discharger,LT0 0,home battery,-2608611.21657
Link,home battery discharger,LT0 0,low voltage,2555906.56716
Link,home battery discharger,LU0 0,home battery,-1126655.76503
Link,home battery discharger,LU0 0,low voltage,1103892.69603
Link,home battery discharger,LV0 0,home battery,-1968294.71524
Link,home battery discharger,LV0 0,low voltage,1928527.08631
Link,home battery discharger,ME0 0,home battery,-1459774.76787
Link,home battery discharger,ME0 0,low voltage,1430281.32827
Link,home battery discharger,MK0 0,home battery,-1285054.44362
Link,home battery discharger,MK0 0,low voltage,1259091.07143
Link,home battery discharger,NL0 0,home battery,-4577205.06091
Link,home battery discharger,NL0 0,low voltage,4484726.73892
Link,home battery discharger,NO1 0,home battery,-3310753.69806
Link,home battery discharger,NO1 0,low voltage,3243862.88971
Link,home battery discharger,PL0 0,home battery,-2724967.45128
Link,home battery discharger,PL0 0,low voltage,2669911.92854
Link,home battery discharger,PT0 0,home battery,-2885331.29741
Link,home battery discharger,PT0 0,low voltage,2827035.76702
Link,home battery discharger,RO0 0,home battery,-5330493.47335
Link,home battery discharger,RO0 0,low voltage,5222795.63477
Link,home battery discharger,RS0 0,home battery,-1804684.55731
Link,home battery discharger,RS0 0,low voltage,1768222.52484
Link,home battery discharger,SE1 0,home battery,-3078542.16628
Link,home battery discharger,SE1 0,low voltage,3016342.98361
Link,home battery discharger,SI0 0,home battery,-2552426.51904
Link,home battery discharger,SI0 0,low voltage,2500857.03104
Link,home battery discharger,SK0 0,home battery,-2514219.2502
Link,home battery discharger,SK0 0,low voltage,2463421.70579
Link,home battery discharger,XK0 0,home battery,-1054443.38524
Link,home battery discharger,XK0 0,low voltage,1033139.3026
Link,industry methanol,EU,co2,2167229.36387
Link,industry methanol,EU,industry methanol,8738485.51806
Link,industry methanol,EU,methanol,-8738485.51806
Link,kerosene for aviation,EU,co2,142794745.77357
Link,kerosene for aviation,EU,kerosene for aviation,555405467.80852
Link,kerosene for aviation,EU,oil,-555405467.80852
Link,methanolisation,AL0 0,AC,-429171.99256
Link,methanolisation,AL0 0,H2,-1802600.51546
Link,methanolisation,AL0 0,urban central heat,39600.18707
Link,methanolisation,AT0 0,AC,-185647.27595
Link,methanolisation,AT0 0,H2,-779752.363
Link,methanolisation,AT0 0,urban central heat,17129.88495
Link,methanolisation,BA0 0,AC,-260605.63659
Link,methanolisation,BA0 0,H2,-1094591.12662
Link,methanolisation,BA0 0,urban central heat,24046.378
Link,methanolisation,BE0 0,AC,-192189.80583
Link,methanolisation,BE0 0,H2,-807232.17978
Link,methanolisation,BE0 0,urban central heat,17733.57161
Link,methanolisation,BG0 0,AC,-354350.08919
Link,methanolisation,BG0 0,H2,-1488334.8972
Link,methanolisation,BG0 0,urban central heat,32696.28509
Link,methanolisation,CH0 0,AC,-749607.20083
Link,methanolisation,CH0 0,H2,-3148486.73732
Link,methanolisation,CH0 0,urban central heat,69167.10759
Link,methanolisation,CZ0 0,AC,-116567.25271
Link,methanolisation,CZ0 0,H2,-489603.68679
Link,methanolisation,CZ0 0,urban central heat,10755.79277
Link,methanolisation,DE0 0,AC,-149320.87314
Link,methanolisation,DE0 0,H2,-627174.85658
Link,methanolisation,DE0 0,urban central heat,13778.00652
Link,methanolisation,DE0 1,AC,-132704.90622
Link,methanolisation,DE0 1,H2,-557384.76997
Link,methanolisation,DE0 1,urban central heat,12244.83238
Link,methanolisation,DK0 0,AC,-459476.94076
Link,methanolisation,DK0 0,H2,-1929886.81605
Link,methanolisation,DK0 0,urban central heat,42396.45905
Link,methanolisation,DK1 0,AC,-400591.08283
Link,methanolisation,DK1 0,H2,-1682555.49037
Link,methanolisation,DK1 0,urban central heat,36962.99408
Link,methanolisation,EE0 0,AC,-249221.73834
Link,methanolisation,EE0 0,H2,-1046776.6811
Link,methanolisation,EE0 0,urban central heat,22995.97278
Link,methanolisation,ES0 0,AC,-66905623.13093
Link,methanolisation,ES0 0,H2,-281015799.80577
Link,methanolisation,ES0 0,urban central heat,6173457.81647
Link,methanolisation,ES6 0,AC,-149444.4988
Link,methanolisation,ES6 0,H2,-627694.1069
Link,methanolisation,ES6 0,urban central heat,13789.4136
Link,methanolisation,EU,co2 stored,-126908209.50133
Link,methanolisation,EU,methanol,511706591.53032
Link,methanolisation,FI1 0,AC,-379883.25711
Link,methanolisation,FI1 0,H2,-1595578.85171
Link,methanolisation,FI1 0,urban central heat,35052.25948
Link,methanolisation,FR0 0,AC,-1155120.86614
Link,methanolisation,FR0 0,H2,-4851717.97049
Link,methanolisation,FR0 0,urban central heat,106584.31394
Link,methanolisation,FR5 0,AC,-4427134.83818
Link,methanolisation,FR5 0,H2,-18594772.44483
Link,methanolisation,GB2 0,AC,-47208621.28622
Link,methanolisation,GB2 0,H2,-198284805.48659
Link,methanolisation,GB2 0,urban central heat,4355993.09065
Link,methanolisation,GB3 0,AC,-956455.62614
Link,methanolisation,GB3 0,H2,-4017287.78808
Link,methanolisation,GB3 0,urban central heat,88253.24666
Link,methanolisation,GR0 0,AC,-6255894.43633
Link,methanolisation,GR0 0,H2,-26275895.75074
Link,methanolisation,GR0 0,urban central heat,577238.4831
Link,methanolisation,HR0 0,AC,-224369.3905
Link,methanolisation,HR0 0,H2,-942392.29487
Link,methanolisation,HR0 0,urban central heat,20702.81843
Link,methanolisation,HU0 0,AC,-163052.25545
Link,methanolisation,HU0 0,H2,-684849.16261
Link,methanolisation,HU0 0,urban central heat,15045.01675
Link,methanolisation,IE3 0,AC,-2074353.45854
Link,methanolisation,IE3 0,H2,-8712662.23902
Link,methanolisation,IE3 0,urban central heat,191402.94901
Link,methanolisation,IT0 0,AC,-754133.1969
Link,methanolisation,IT0 0,H2,-3167496.74497
Link,methanolisation,IT0 0,urban central heat,69584.72638
Link,methanolisation,IT4 0,AC,-170571.43927
Link,methanolisation,IT4 0,H2,-716431.10381
Link,methanolisation,IT4 0,urban central heat,15738.82038
Link,methanolisation,LT0 0,AC,-212095.22018
Link,methanolisation,LT0 0,H2,-890838.54456
Link,methanolisation,LT0 0,urban central heat,19570.2668
Link,methanolisation,LU0 0,AC,-191497.55441
Link,methanolisation,LU0 0,H2,-804324.59778
Link,methanolisation,LU0 0,urban central heat,17669.69679
Link,methanolisation,LV0 0,AC,-238322.74669
Link,methanolisation,LV0 0,H2,-1000998.9316
Link,methanolisation,LV0 0,urban central heat,21990.31045
Link,methanolisation,ME0 0,AC,-273332.93929
Link,methanolisation,ME0 0,H2,-1148048.11546
Link,methanolisation,ME0 0,urban central heat,25220.74067
Link,methanolisation,MK0 0,AC,-399621.93731
Link,methanolisation,MK0 0,H2,-1678484.90273
Link,methanolisation,MK0 0,urban central heat,36873.56992
Link,methanolisation,NL0 0,AC,-165360.26753
Link,methanolisation,NL0 0,H2,-694543.23362
Link,methanolisation,NL0 0,urban central heat,15257.97965
Link,methanolisation,NO1 0,AC,-358659.87154
Link,methanolisation,NO1 0,H2,-1506436.76785
Link,methanolisation,NO1 0,urban central heat,33093.9536
Link,methanolisation,PL0 0,AC,-127909.4838
Link,methanolisation,PL0 0,H2,-537243.12265
Link,methanolisation,PL0 0,urban central heat,11802.35331
Link,methanolisation,PT0 0,AC,-526619.57528
Link,methanolisation,PT0 0,H2,-2211898.10683
Link,methanolisation,PT0 0,urban central heat,48591.78618
Link,methanolisation,RO0 0,AC,-332463.54611
Link,methanolisation,RO0 0,H2,-1396407.43101
Link,methanolisation,RO0 0,urban central heat,30676.78891
Link,methanolisation,RS0 0,AC,-264421.32349
Link,methanolisation,RS0 0,H2,-1110617.70639
Link,methanolisation,RS0 0,urban central heat,24398.45576
Link,methanolisation,SE1 0,AC,-339590.45887
Link,methanolisation,SE1 0,H2,-1426341.7623
Link,methanolisation,SE1 0,urban central heat,31334.39724
Link,methanolisation,SI0 0,AC,-245847.15509
Link,methanolisation,SI0 0,H2,-1032602.81699
Link,methanolisation,SI0 0,urban central heat,22684.59616
Link,methanolisation,SK0 0,AC,-145640.85684
Link,methanolisation,SK0 0,H2,-611718.11805
Link,methanolisation,SK0 0,urban central heat,13438.44723
Link,methanolisation,XK0 0,AC,-322075.92427
Link,methanolisation,XK0 0,H2,-1352777.52783
Link,methanolisation,XK0 0,urban central heat,29718.31124
Link,naphtha for industry,EU,naphtha for industry,276859916.80207
Link,naphtha for industry,EU,oil,-276859916.80207
Link,naphtha for industry,EU,process emissions,10759996.76656
Link,oil refining,EU,co2,51.10406
Link,oil refining,EU,oil,3732.31006
Link,oil refining,EU,oil primary,-3931.08118
Link,process emissions,EU,co2,14.51193
Link,process emissions,EU,process emissions,-14.51193
Link,process emissions CC,EU,co2,6694514.81236
Link,process emissions CC,EU,co2 stored,127195781.43483
Link,process emissions CC,EU,process emissions,-133890296.24719
Link,residential rural air heat pump,AL0 0,low voltage,-99910.98157
Link,residential rural air heat pump,AL0 0,residential rural heat,261740.14314
Link,residential rural air heat pump,AT0 0,low voltage,-543823.93767
Link,residential rural air heat pump,AT0 0,residential rural heat,1370078.28823
Link,residential rural air heat pump,BA0 0,low voltage,-216620.13145
Link,residential rural air heat pump,BA0 0,residential rural heat,526991.2628
Link,residential rural air heat pump,BE0 0,low voltage,-112302.28834
Link,residential rural air heat pump,BE0 0,residential rural heat,282202.77963
Link,residential rural air heat pump,BG0 0,low voltage,-147645.74754
Link,residential rural air heat pump,BG0 0,residential rural heat,386810.28987
Link,residential rural air heat pump,CH0 0,low voltage,-331929.7961
Link,residential rural air heat pump,CH0 0,residential rural heat,779356.11979
Link,residential rural air heat pump,CZ0 0,low voltage,-300169.10409
Link,residential rural air heat pump,CZ0 0,residential rural heat,789310.53336
Link,residential rural air heat pump,DE0 0,low voltage,-543938.76814
Link,residential rural air heat pump,DE0 0,residential rural heat,1474994.91758
Link,residential rural air heat pump,DE0 1,low voltage,-905617.71047
Link,residential rural air heat pump,DE0 1,residential rural heat,2469987.1465
Link,residential rural air heat pump,DK0 0,low voltage,-110852.67618
Link,residential rural air heat pump,DK0 0,residential rural heat,272012.47751
Link,residential rural air heat pump,DK1 0,low voltage,-67896.67645
Link,residential rural air heat pump,DK1 0,residential rural heat,162303.17298
Link,residential rural air heat pump,EE0 0,low voltage,-127101.93445
Link,residential rural air heat pump,EE0 0,residential rural heat,287509.78135
Link,residential rural air heat pump,ES0 0,low voltage,-1089777.09989
Link,residential rural air heat pump,ES0 0,residential rural heat,2836755.99627
Link,residential rural air heat pump,ES6 0,low voltage,-15367.83138
Link,residential rural air heat pump,ES6 0,residential rural heat,43663.6665
Link,residential rural air heat pump,FI1 0,low voltage,-264496.94215
Link,residential rural air heat pump,FI1 0,residential rural heat,599402.38389
Link,residential rural air heat pump,FR0 0,low voltage,-1807684.22139
Link,residential rural air heat pump,FR0 0,residential rural heat,4442673.07745
Link,residential rural air heat pump,FR5 0,low voltage,-140385.7641
Link,residential rural air heat pump,FR5 0,residential rural heat,356946.1909
Link,residential rural air heat pump,GB2 0,low voltage,-1449246.98695
Link,residential rural air heat pump,GB2 0,residential rural heat,3598893.53392
Link,residential rural air heat pump,GB3 0,low voltage,-414600.18502
Link,residential rural air heat pump,GB3 0,residential rural heat,1016556.6374
Link,residential rural air heat pump,GR0 0,low voltage,-243516.61013
Link,residential rural air heat pump,GR0 0,residential rural heat,664860.69853
Link,residential rural air heat pump,HR0 0,low voltage,-235538.20488
Link,residential rural air heat pump,HR0 0,residential rural heat,582273.37932
Link,residential rural air heat pump,HU0 0,low voltage,-298091.38952
Link,residential rural air heat pump,HU0 0,residential rural heat,760537.2713
Link,residential rural air heat pump,IE3 0,low voltage,-673338.11973
Link,residential rural air heat pump,IE3 0,residential rural heat,1655571.68084
Link,residential rural air heat pump,IT0 0,low voltage,-2039601.02029
Link,residential rural air heat pump,IT0 0,residential rural heat,5215463.38722
Link,residential rural air heat pump,IT4 0,low voltage,-415323.64531
Link,residential rural air heat pump,IT4 0,residential rural heat,1080883.79332
Link,residential rural air heat pump,LT0 0,low voltage,-121506.50933
Link,residential rural air heat pump,LT0 0,residential rural heat,284148.28325
Link,residential rural air heat pump,LU0 0,low voltage,-31696.76329
Link,residential rural air heat pump,LU0 0,residential rural heat,72054.98916
Link,residential rural air heat pump,LV0 0,low voltage,-136524.77222
Link,residential rural air heat pump,LV0 0,residential rural heat,328091.39937
Link,residential rural air heat pump,ME0 0,low voltage,-57950.68064
Link,residential rural air heat pump,ME0 0,residential rural heat,137511.29963
Link,residential rural air heat pump,MK0 0,low voltage,-95594.7505
Link,residential rural air heat pump,MK0 0,residential rural heat,230287.60615
Link,residential rural air heat pump,NL0 0,low voltage,-161481.88986
Link,residential rural air heat pump,NL0 0,residential rural heat,415502.75863
Link,residential rural air heat pump,NO1 0,low voltage,-188304.93554
Link,residential rural air heat pump,NO1 0,residential rural heat,418180.72229
Link,residential rural air heat pump,PL0 0,low voltage,-1042993.69745
Link,residential rural air heat pump,PL0 0,residential rural heat,2767889.63389
Link,residential rural air heat pump,PT0 0,low voltage,-433738.7493
Link,residential rural air heat pump,PT0 0,residential rural heat,1182314.40977
Link,residential rural air heat pump,RO0 0,low voltage,-502083.40021
Link,residential rural air heat pump,RO0 0,residential rural heat,1333351.98385
Link,residential rural air heat pump,RS0 0,low voltage,-305285.1939
Link,residential rural air heat pump,RS0 0,residential rural heat,773455.99454
Link,residential rural air heat pump,SE1 0,low voltage,-262396.85655
Link,residential rural air heat pump,SE1 0,residential rural heat,601472.64174
Link,residential rural air heat pump,SI0 0,low voltage,-166833.231
Link,residential rural air heat pump,SI0 0,residential rural heat,413668.20471
Link,residential rural air heat pump,SK0 0,low voltage,-205286.58908
Link,residential rural air heat pump,SK0 0,residential rural heat,523845.45633
Link,residential rural air heat pump,XK0 0,low voltage,-81921.59751
Link,residential rural air heat pump,XK0 0,residential rural heat,193946.13558
Link,residential rural ground heat pump,AL0 0,low voltage,-205327.4511
Link,residential rural ground heat pump,AL0 0,residential rural heat,741431.68105
Link,residential rural ground heat pump,AT0 0,low voltage,-6670170.01109
Link,residential rural ground heat pump,AT0 0,residential rural heat,21127892.36057
Link,residential rural ground heat pump,BA0 0,low voltage,-1037088.68789
Link,residential rural ground heat pump,BA0 0,residential rural heat,3536454.8069
Link,residential rural ground heat pump,BE0 0,low voltage,-817176.36501
Link,residential rural ground heat pump,BE0 0,residential rural heat,2710206.61244
Link,residential rural ground heat pump,BG0 0,low voltage,-739246.06147
Link,residential rural ground heat pump,BG0 0,residential rural heat,2590524.53806
Link,residential rural ground heat pump,CH0 0,low voltage,-2770534.42168
Link,residential rural ground heat pump,CH0 0,residential rural heat,8626390.59501
Link,residential rural ground heat pump,CZ0 0,low voltage,-4448742.86649
Link,residential rural ground heat pump,CZ0 0,residential rural heat,14301270.02188
Link,residential rural ground heat pump,DE0 0,low voltage,-12119747.34301
Link,residential rural ground heat pump,DE0 0,residential rural heat,39537295.96075
Link,residential rural ground heat pump,DE0 1,low voltage,-21016781.47888
Link,residential rural ground heat pump,DE0 1,residential rural heat,67932266.17829
Link,residential rural ground heat pump,DK0 0,low voltage,-674082.20537
Link,residential rural ground heat pump,DK0 0,residential rural heat,2115852.24873
Link,residential rural ground heat pump,DK1 0,low voltage,-280492.9896
Link,residential rural ground heat pump,DK1 0,residential rural heat,880724.92811
Link,residential rural ground heat pump,EE0 0,low voltage,-567713.771
Link,residential rural ground heat pump,EE0 0,residential rural heat,1727872.23827
Link,residential rural ground heat pump,ES0 0,low voltage,-3072413.37847
Link,residential rural ground heat pump,ES0 0,residential rural heat,11407867.49566
Link,residential rural ground heat pump,ES6 0,low voltage,-11909.54657
Link,residential rural ground heat pump,ES6 0,residential rural heat,49582.75762
Link,residential rural ground heat pump,FI1 0,low voltage,-2431473.57541
Link,residential rural ground heat pump,FI1 0,residential rural heat,7237331.48475
Link,residential rural ground heat pump,FR0 0,low voltage,-18883921.49832
Link,residential rural ground heat pump,FR0 0,residential rural heat,64853726.31884
Link,residential rural ground heat pump,FR5 0,low voltage,-317915.70887
Link,residential rural ground heat pump,FR5 0,residential rural heat,1157324.8488
Link,residential rural ground heat pump,GB2 0,low voltage,-10745055.56398
Link,residential rural ground heat pump,GB2 0,residential rural heat,35372256.30556
Link,residential rural ground heat pump,GB3 0,low voltage,-1146859.62968
Link,residential rural ground heat pump,GB3 0,residential rural heat,3797548.79391
Link,residential rural ground heat pump,GR0 0,low voltage,-730383.29531
Link,residential rural ground heat pump,GR0 0,residential rural heat,2780518.74903
Link,residential rural ground heat pump,HR0 0,low voltage,-1644765.1817
Link,residential rural ground heat pump,HR0 0,residential rural heat,5711784.11571
Link,residential rural ground heat pump,HU0 0,low voltage,-3447450.6432
Link,residential rural ground heat pump,HU0 0,residential rural heat,11787329.44524
Link,residential rural ground heat pump,IE3 0,low voltage,-1710863.63159
Link,residential rural ground heat pump,IE3 0,residential rural heat,5740545.57945
Link,residential rural ground heat pump,IT0 0,low voltage,-15347980.67322
Link,residential rural ground heat pump,IT0 0,residential rural heat,54889162.24476
Link,residential rural ground heat pump,IT4 0,low voltage,-886166.7926
Link,residential rural ground heat pump,IT4 0,residential rural heat,3403673.88183
Link,residential rural ground heat pump,LT0 0,low voltage,-1002111.76043
Link,residential rural ground heat pump,LT0 0,residential rural heat,3110143.69656
Link,residential rural ground heat pump,LU0 0,low voltage,-71050.09666
Link,residential rural ground heat pump,LU0 0,residential rural heat,232117.90046
Link,residential rural ground heat pump,LV0 0,low voltage,-860110.15936
Link,residential rural ground heat pump,LV0 0,residential rural heat,2663857.16679
Link,residential rural ground heat pump,ME0 0,low voltage,-94930.65835
Link,residential rural ground heat pump,ME0 0,residential rural heat,322301.1319
Link,residential rural ground heat pump,MK0 0,low voltage,-305816.09009
Link,residential rural ground heat pump,MK0 0,residential rural heat,1060079.63996
Link,residential rural ground heat pump,NL0 0,low voltage,-1332362.57314
Link,residential rural ground heat pump,NL0 0,residential rural heat,4393260.5364
Link,residential rural ground heat pump,NO1 0,low voltage,-1636496.06966
Link,residential rural ground heat pump,NO1 0,residential rural heat,4804727.96108
Link,residential rural ground heat pump,PL0 0,low voltage,-19517987.56504
Link,residential rural ground heat pump,PL0 0,residential rural heat,62204841.96173
Link,residential rural ground heat pump,PT0 0,low voltage,-646420.57799
Link,residential rural ground heat pump,PT0 0,residential rural heat,2501197.42572
Link,residential rural ground heat pump,RO0 0,low voltage,-6381748.82669
Link,residential rural ground heat pump,RO0 0,residential rural heat,21466639.83115
Link,residential rural ground heat pump,RS0 0,low voltage,-2154258.35456
Link,residential rural ground heat pump,RS0 0,residential rural heat,7449389.76789
Link,residential rural ground heat pump,SE1 0,low voltage,-3103191.38149
Link,residential rural ground heat pump,SE1 0,residential rural heat,9159860.56347
Link,residential rural ground heat pump,SI0 0,low voltage,-1049539.74618
Link,residential rural ground heat pump,SI0 0,residential rural heat,3479597.7602
Link,residential rural ground heat pump,SK0 0,low voltage,-2535359.40264
Link,residential rural ground heat pump,SK0 0,residential rural heat,8215558.42196
Link,residential rural ground heat pump,XK0 0,low voltage,-242020.60395
Link,residential rural ground heat pump,XK0 0,residential rural heat,839614.02831
Link,residential urban decentral air heat pump,AL0 0,low voltage,-255410.64288
Link,residential urban decentral air heat pump,AL0 0,residential urban decentral heat,640829.13955
Link,residential urban decentral air heat pump,AT0 0,low voltage,-5879527.68182
Link,residential urban decentral air heat pump,AT0 0,residential urban decentral heat,12546931.95162
Link,residential urban decentral air heat pump,BA0 0,low voltage,-704412.50565
Link,residential urban decentral air heat pump,BA0 0,residential urban decentral heat,1606955.97902
Link,residential urban decentral air heat pump,BE0 0,low voltage,-11046641.03029
Link,residential urban decentral air heat pump,BE0 0,residential urban decentral heat,25002646.97602
Link,residential urban decentral air heat pump,BG0 0,low voltage,-1574629.27858
Link,residential urban decentral air heat pump,BG0 0,residential urban decentral heat,3671062.36128
Link,residential urban decentral air heat pump,CH0 0,low voltage,-7092913.10838
Link,residential urban decentral air heat pump,CH0 0,residential urban decentral heat,14585159.76752
Link,residential urban decentral air heat pump,CZ0 0,low voltage,-7602014.46304
Link,residential urban decentral air heat pump,CZ0 0,residential urban decentral heat,16436893.5226
Link,residential urban decentral air heat pump,DE0 0,low voltage,-49982899.27901
Link,residential urban decentral air heat pump,DE0 0,residential urban decentral heat,111859172.60466
Link,residential urban decentral air heat pump,DE0 1,low voltage,-21262517.6661
Link,residential urban decentral air heat pump,DE0 1,residential urban decentral heat,46747460.9048
Link,residential urban decentral air heat pump,DK0 0,low voltage,-4519715.42141
Link,residential urban decentral air heat pump,DK0 0,residential urban decentral heat,10167939.68914
Link,residential urban decentral air heat pump,DK1 0,low voltage,-2670068.51227
Link,residential urban decentral air heat pump,DK1 0,residential urban decentral heat,6005279.29257
Link,residential urban decentral air heat pump,EE0 0,low voltage,-973531.71834
Link,residential urban decentral air heat pump,EE0 0,residential urban decentral heat,1945719.07742
Link,residential urban decentral air heat pump,ES0 0,low voltage,-9319604.12752
Link,residential urban decentral air heat pump,ES0 0,residential urban decentral heat,23890757.17206
Link,residential urban decentral air heat pump,ES6 0,low voltage,-155244.39452
Link,residential urban decentral air heat pump,ES6 0,residential urban decentral heat,441464.49956
Link,residential urban decentral air heat pump,FI1 0,low voltage,-10015097.42393
Link,residential urban decentral air heat pump,FI1 0,residential urban decentral heat,18885167.71448
Link,residential urban decentral air heat pump,FR0 0,low voltage,-50714932.66359
Link,residential urban decentral air heat pump,FR0 0,residential urban decentral heat,118779565.15522
Link,residential urban decentral air heat pump,FR5 0,low voltage,0.0
Link,residential urban decentral air heat pump,FR5 0,residential urban decentral heat,0.0
Link,residential urban decentral air heat pump,GB2 0,low voltage,-40284065.0306
Link,residential urban decentral air heat pump,GB2 0,residential urban decentral heat,95789498.26254
Link,residential urban decentral air heat pump,GB3 0,low voltage,-451366.71403
Link,residential urban decentral air heat pump,GB3 0,residential urban decentral heat,1091374.4805
Link,residential urban decentral air heat pump,GR0 0,low voltage,-2385105.85067
Link,residential urban decentral air heat pump,GR0 0,residential urban decentral heat,6193443.56754
Link,residential urban decentral air heat pump,HR0 0,low voltage,-1527540.54828
Link,residential urban decentral air heat pump,HR0 0,residential urban decentral heat,3535446.59472
Link,residential urban decentral air heat pump,HU0 0,low voltage,-5391511.79153
Link,residential urban decentral air heat pump,HU0 0,residential urban decentral heat,12109103.54267
Link,residential urban decentral air heat pump,IE3 0,low voltage,-2332339.49725
Link,residential urban decentral air heat pump,IE3 0,residential urban decentral heat,5682991.3687
Link,residential urban decentral air heat pump,IT0 0,low voltage,-27560348.26562
Link,residential urban decentral air heat pump,IT0 0,residential urban decentral heat,67224795.19615
Link,residential urban decentral air heat pump,IT4 0,low voltage,-197917.98538
Link,residential urban decentral air heat pump,IT4 0,residential urban decentral heat,513130.44925
Link,residential urban decentral air heat pump,LT0 0,low voltage,-1499181.44325
Link,residential urban decentral air heat pump,LT0 0,residential urban decentral heat,3018698.14784
Link,residential urban decentral air heat pump,LU0 0,low voltage,-616629.93971
Link,residential urban decentral air heat pump,LU0 0,residential urban decentral heat,1352420.43911
Link,residential urban decentral air heat pump,LV0 0,low voltage,-1217022.67168
Link,residential urban decentral air heat pump,LV0 0,residential urban decentral heat,2465813.76009
Link,residential urban decentral air heat pump,ME0 0,low voltage,-147181.10752
Link,residential urban decentral air heat pump,ME0 0,residential urban decentral heat,339893.63771
Link,residential urban decentral air heat pump,MK0 0,low voltage,-334868.31976
Link,residential urban decentral air heat pump,MK0 0,residential urban decentral heat,767695.11803
Link,residential urban decentral air heat pump,NL0 0,low voltage,-14071539.85953
Link,residential urban decentral air heat pump,NL0 0,residential urban decentral heat,32331033.15628
Link,residential urban decentral air heat pump,NO1 0,low voltage,-5418690.74755
Link,residential urban decentral air heat pump,NO1 0,residential urban decentral heat,10571162.47222
Link,residential urban decentral air heat pump,PL0 0,low voltage,-18344566.82276
Link,residential urban decentral air heat pump,PL0 0,residential urban decentral heat,39244999.07758
Link,residential urban decentral air heat pump,PT0 0,low voltage,-1066732.79339
Link,residential urban decentral air heat pump,PT0 0,residential urban decentral heat,2885272.87869
Link,residential urban decentral air heat pump,RO0 0,low voltage,-5015641.41091
Link,residential urban decentral air heat pump,RO0 0,residential urban decentral heat,11053662.89968
Link,residential urban decentral air heat pump,RS0 0,low voltage,-1849948.68605
Link,residential urban decentral air heat pump,RS0 0,residential urban decentral heat,4223042.80899
Link,residential urban decentral air heat pump,SE1 0,low voltage,-14656263.81965
Link,residential urban decentral air heat pump,SE1 0,residential urban decentral heat,28351336.75021
Link,residential urban decentral air heat pump,SI0 0,low voltage,-932826.63947
Link,residential urban decentral air heat pump,SI0 0,residential urban decentral heat,2090703.0336
Link,residential urban decentral air heat pump,SK0 0,low voltage,-2259740.19195
Link,residential urban decentral air heat pump,SK0 0,residential urban decentral heat,4860368.5674
Link,residential urban decentral air heat pump,XK0 0,low voltage,-293429.45963
Link,residential urban decentral air heat pump,XK0 0,residential urban decentral heat,664048.18037
Link,services rural air heat pump,AL0 0,low voltage,-54725.85938
Link,services rural air heat pump,AL0 0,services rural heat,140074.83508
Link,services rural air heat pump,AT0 0,low voltage,-360604.51814
Link,services rural air heat pump,AT0 0,services rural heat,919488.76617
Link,services rural air heat pump,BA0 0,low voltage,-89288.56163
Link,services rural air heat pump,BA0 0,services rural heat,214664.49269
Link,services rural air heat pump,BE0 0,low voltage,-159002.75758
Link,services rural air heat pump,BE0 0,services rural heat,420454.5759
Link,services rural air heat pump,BG0 0,low voltage,-134199.35904
Link,services rural air heat pump,BG0 0,services rural heat,375489.59317
Link,services rural air heat pump,CH0 0,low voltage,-207916.45662
Link,services rural air heat pump,CH0 0,services rural heat,473431.36821
Link,services rural air heat pump,CZ0 0,low voltage,-241267.31704
Link,services rural air heat pump,CZ0 0,services rural heat,655450.14979
Link,services rural air heat pump,DE0 0,low voltage,-588806.2426
Link,services rural air heat pump,DE0 0,services rural heat,1636966.08441
Link,services rural air heat pump,DE0 1,low voltage,-719456.67123
Link,services rural air heat pump,DE0 1,services rural heat,1976350.74264
Link,services rural air heat pump,DK0 0,low voltage,-101848.02731
Link,services rural air heat pump,DK0 0,services rural heat,252877.19726
Link,services rural air heat pump,DK1 0,low voltage,-68709.23833
Link,services rural air heat pump,DK1 0,services rural heat,169751.75509
Link,services rural air heat pump,EE0 0,low voltage,-94000.27037
Link,services rural air heat pump,EE0 0,services rural heat,224038.93301
Link,services rural air heat pump,ES0 0,low voltage,-811122.95589
Link,services rural air heat pump,ES0 0,services rural heat,2311380.5922
Link,services rural air heat pump,ES6 0,low voltage,-51019.26016
Link,services rural air heat pump,ES6 0,services rural heat,160599.08553
Link,services rural air heat pump,FI1 0,low voltage,-238582.49621
Link,services rural air heat pump,FI1 0,services rural heat,562789.66434
Link,services rural air heat pump,FR0 0,low voltage,-1627196.8684
Link,services rural air heat pump,FR0 0,services rural heat,4545762.92022
Link,services rural air heat pump,FR5 0,low voltage,-77097.49981
Link,services rural air heat pump,FR5 0,services rural heat,203189.62699
Link,services rural air heat pump,GB2 0,low voltage,-797248.4631
Link,services rural air heat pump,GB2 0,services rural heat,1970893.43447
Link,services rural air heat pump,GB3 0,low voltage,-211111.86639
Link,services rural air heat pump,GB3 0,services rural heat,513832.85931
Link,services rural air heat pump,GR0 0,low voltage,-279994.92544
Link,services rural air heat pump,GR0 0,services rural heat,860780.40514
Link,services rural air heat pump,HR0 0,low voltage,-148914.37464
Link,services rural air heat pump,HR0 0,services rural heat,408955.19232
Link,services rural air heat pump,HU0 0,low voltage,-269755.48763
Link,services rural air heat pump,HU0 0,services rural heat,767907.09921
Link,services rural air heat pump,IE3 0,low voltage,-436429.24838
Link,services rural air heat pump,IE3 0,services rural heat,1093466.17982
Link,services rural air heat pump,IT0 0,low voltage,-1802211.00018
Link,services rural air heat pump,IT0 0,services rural heat,4955120.18732
Link,services rural air heat pump,IT4 0,low voltage,-246308.42222
Link,services rural air heat pump,IT4 0,services rural heat,661265.18087
Link,services rural air heat pump,LT0 0,low voltage,-84007.34038
Link,services rural air heat pump,LT0 0,services rural heat,206753.03651
Link,services rural air heat pump,LU0 0,low voltage,-41747.60272
Link,services rural air heat pump,LU0 0,services rural heat,101623.53681
Link,services rural air heat pump,LV0 0,low voltage,-110114.4041
Link,services rural air heat pump,LV0 0,services rural heat,273436.55323
Link,services rural air heat pump,ME0 0,low voltage,-10070.70718
Link,services rural air heat pump,ME0 0,services rural heat,24823.57021
Link,services rural air heat pump,MK0 0,low voltage,-48522.17345
Link,services rural air heat pump,MK0 0,services rural heat,117035.16454
Link,services rural air heat pump,NL0 0,low voltage,-319036.78268
Link,services rural air heat pump,NL0 0,services rural heat,860053.30196
Link,services rural air heat pump,NO1 0,low voltage,-208516.78429
Link,services rural air heat pump,NO1 0,services rural heat,456043.09729
Link,services rural air heat pump,PL0 0,low voltage,-815920.06652
Link,services rural air heat pump,PL0 0,services rural heat,2287847.49664
Link,services rural air heat pump,PT0 0,low voltage,-592877.97403
Link,services rural air heat pump,PT0 0,services rural heat,1646896.64835
Link,services rural air heat pump,RO0 0,low voltage,-305549.23037
Link,services rural air heat pump,RO0 0,services rural heat,878284.96531
Link,services rural air heat pump,RS0 0,low voltage,-125824.86927
Link,services rural air heat pump,RS0 0,services rural heat,316994.12533
Link,services rural air heat pump,SE1 0,low voltage,-203454.45163
Link,services rural air heat pump,SE1 0,services rural heat,470253.79936
Link,services rural air heat pump,SI0 0,low voltage,-108406.29547
Link,services rural air heat pump,SI0 0,services rural heat,276603.23836
Link,services rural air heat pump,SK0 0,low voltage,-182828.89677
Link,services rural air heat pump,SK0 0,services rural heat,470682.07791
Link,services rural air heat pump,XK0 0,low voltage,-39219.71875
Link,services rural air heat pump,XK0 0,services rural heat,93888.44118
Link,services rural ground heat pump,AL0 0,low voltage,-87735.85077
Link,services rural ground heat pump,AL0 0,services rural heat,315879.10078
Link,services rural ground heat pump,AT0 0,low voltage,-3129923.12226
Link,services rural ground heat pump,AT0 0,services rural heat,10011454.05143
Link,services rural ground heat pump,BA0 0,low voltage,-274397.04125
Link,services rural ground heat pump,BA0 0,services rural heat,935497.12042
Link,services rural ground heat pump,BE0 0,low voltage,-2184170.68568
Link,services rural ground heat pump,BE0 0,services rural heat,7515279.67601
Link,services rural ground heat pump,BG0 0,low voltage,-577414.36586
Link,services rural ground heat pump,BG0 0,services rural heat,2071484.7051
Link,services rural ground heat pump,CH0 0,low voltage,-1201379.21314
Link,services rural ground heat pump,CH0 0,services rural heat,3736463.18434
Link,services rural ground heat pump,CZ0 0,low voltage,-2646343.18013
Link,services rural ground heat pump,CZ0 0,services rural heat,8668942.6223
Link,services rural ground heat pump,DE0 0,low voltage,-8986911.5282
Link,services rural ground heat pump,DE0 0,services rural heat,29924414.6259
Link,services rural ground heat pump,DE0 1,low voltage,-10338105.44369
Link,services rural ground heat pump,DE0 1,services rural heat,33736746.05118
Link,services rural ground heat pump,DK0 0,low voltage,-1021239.05065
Link,services rural ground heat pump,DK0 0,services rural heat,3376673.62946
Link,services rural ground heat pump,DK1 0,low voltage,-546387.51106
Link,services rural ground heat pump,DK1 0,services rural heat,1835298.90437
Link,services rural ground heat pump,EE0 0,low voltage,-393579.78489
Link,services rural ground heat pump,EE0 0,services rural heat,1237880.7387
Link,services rural ground heat pump,ES0 0,low voltage,-5985409.53924
Link,services rural ground heat pump,ES0 0,services rural heat,22748525.46177
Link,services rural ground heat pump,ES6 0,low voltage,-41914.25809
Link,services rural ground heat pump,ES6 0,services rural heat,180390.00136
Link,services rural ground heat pump,FI1 0,low voltage,-2732432.5693
Link,services rural ground heat pump,FI1 0,services rural heat,8290011.27348
Link,services rural ground heat pump,FR0 0,low voltage,-14568751.02397
Link,services rural ground heat pump,FR0 0,services rural heat,51067798.46084
Link,services rural ground heat pump,FR5 0,low voltage,-126959.57305
Link,services rural ground heat pump,FR5 0,services rural heat,466835.25492
Link,services rural ground heat pump,GB2 0,low voltage,-3941950.82097
Link,services rural ground heat pump,GB2 0,services rural heat,12985826.04162
Link,services rural ground heat pump,GB3 0,low voltage,-364756.14604
Link,services rural ground heat pump,GB3 0,services rural heat,1206181.6092
Link,services rural ground heat pump,GR0 0,low voltage,-1178894.7508
Link,services rural ground heat pump,GR0 0,services rural heat,4633557.0699
Link,services rural ground heat pump,HR0 0,low voltage,-770207.43777
Link,services rural ground heat pump,HR0 0,services rural heat,2758108.6349
Link,services rural ground heat pump,HU0 0,low voltage,-2303903.21588
Link,services rural ground heat pump,HU0 0,services rural heat,8110173.58954
Link,services rural ground heat pump,IE3 0,low voltage,-1047681.86081
Link,services rural ground heat pump,IE3 0,services rural heat,3540778.75643
Link,services rural ground heat pump,IT0 0,low voltage,-12458654.18555
Link,services rural ground heat pump,IT0 0,services rural heat,45210986.67597
Link,services rural ground heat pump,IT4 0,low voltage,-562722.57741
Link,services rural ground heat pump,IT4 0,services rural heat,2172781.30528
Link,services rural ground heat pump,LT0 0,low voltage,-496546.87946
Link,services rural ground heat pump,LT0 0,services rural heat,1588241.89356
Link,services rural ground heat pump,LU0 0,low voltage,-79082.26187
Link,services rural ground heat pump,LU0 0,services rural heat,262612.17458
Link,services rural ground heat pump,LV0 0,low voltage,-746328.73758
Link,services rural ground heat pump,LV0 0,services rural heat,2375543.19798
Link,services rural ground heat pump,ME0 0,low voltage,-9229.61917
Link,services rural ground heat pump,ME0 0,services rural heat,31765.39049
Link,services rural ground heat pump,MK0 0,low voltage,-96211.60823
Link,services rural ground heat pump,MK0 0,services rural heat,334634.13657
Link,services rural ground heat pump,NL0 0,low voltage,-10162660.4562
Link,services rural ground heat pump,NL0 0,services rural heat,35100828.92786
Link,services rural ground heat pump,NO1 0,low voltage,-1395235.76651
Link,services rural ground heat pump,NO1 0,services rural heat,4101138.70463
Link,services rural ground heat pump,PL0 0,low voltage,-13778746.95882
Link,services rural ground heat pump,PL0 0,services rural heat,45439411.38007
Link,services rural ground heat pump,PT0 0,low voltage,-1267184.2054
Link,services rural ground heat pump,PT0 0,services rural heat,4938144.00452
Link,services rural ground heat pump,RO0 0,low voltage,-2181449.498
Link,services rural ground heat pump,RO0 0,services rural heat,7507640.31311
Link,services rural ground heat pump,RS0 0,low voltage,-553893.24413
Link,services rural ground heat pump,RS0 0,services rural heat,1916305.95352
Link,services rural ground heat pump,SE1 0,low voltage,-2289821.61196
Link,services rural ground heat pump,SE1 0,services rural heat,6908012.69965
Link,services rural ground heat pump,SI0 0,low voltage,-424778.96043
Link,services rural ground heat pump,SI0 0,services rural heat,1425915.79875
Link,services rural ground heat pump,SK0 0,low voltage,-1571081.67958
Link,services rural ground heat pump,SK0 0,services rural heat,5118801.39305
Link,services rural ground heat pump,XK0 0,low voltage,-60872.07819
Link,services rural ground heat pump,XK0 0,services rural heat,212383.2503
Link,services urban decentral air heat pump,AL0 0,low voltage,-98202.62576
Link,services urban decentral air heat pump,AL0 0,services urban decentral heat,236990.61634
Link,services urban decentral air heat pump,AT0 0,low voltage,-1903762.10392
Link,services urban decentral air heat pump,AT0 0,services urban decentral heat,4043228.99318
Link,services urban decentral air heat pump,BA0 0,low voltage,-193026.16128
Link,services urban decentral air heat pump,BA0 0,services urban decentral heat,435986.63045
Link,services urban decentral air heat pump,BE0 0,low voltage,-4934028.54627
Link,services urban decentral air heat pump,BE0 0,services urban decentral heat,11126415.7436
Link,services urban decentral air heat pump,BG0 0,low voltage,-589480.98187
Link,services urban decentral air heat pump,BG0 0,services urban decentral heat,1363240.94221
Link,services urban decentral air heat pump,CH0 0,low voltage,-3201135.24667
Link,services urban decentral air heat pump,CH0 0,services urban decentral heat,6529090.46368
Link,services urban decentral air heat pump,CZ0 0,low voltage,-2442015.84162
Link,services urban decentral air heat pump,CZ0 0,services urban decentral heat,5234200.8816
Link,services urban decentral air heat pump,DE0 0,low voltage,-18745073.67147
Link,services urban decentral air heat pump,DE0 0,services urban decentral heat,41612294.52216
Link,services urban decentral air heat pump,DE0 1,low voltage,-7975974.48632
Link,services urban decentral air heat pump,DE0 1,services urban decentral heat,17387830.25498
Link,services urban decentral air heat pump,DK0 0,low voltage,-1221507.70522
Link,services urban decentral air heat pump,DK0 0,services urban decentral heat,2708466.33316
Link,services urban decentral air heat pump,DK1 0,low voltage,-721498.03252
Link,services urban decentral air heat pump,DK1 0,services urban decentral heat,1598616.77385
Link,services urban decentral air heat pump,EE0 0,low voltage,-334704.98111
Link,services urban decentral air heat pump,EE0 0,services urban decentral heat,662524.36054
Link,services urban decentral air heat pump,ES0 0,low voltage,-4080748.08958
Link,services urban decentral air heat pump,ES0 0,services urban decentral heat,10349998.09285
Link,services urban decentral air heat pump,ES6 0,low voltage,-66848.48457
Link,services urban decentral air heat pump,ES6 0,services urban decentral heat,188374.31335
Link,services urban decentral air heat pump,FI1 0,low voltage,-3455667.28613
Link,services urban decentral air heat pump,FI1 0,services urban decentral heat,6447596.81901
Link,services urban decentral air heat pump,FR0 0,low voltage,-18393306.75624
Link,services urban decentral air heat pump,FR0 0,services urban decentral heat,43067178.09856
Link,services urban decentral air heat pump,FR5 0,low voltage,-2975.16597
Link,services urban decentral air heat pump,FR5 0,services urban decentral heat,8464.97637
Link,services urban decentral air heat pump,GB2 0,low voltage,-14199920.25608
Link,services urban decentral air heat pump,GB2 0,services urban decentral heat,33541774.11423
Link,services urban decentral air heat pump,GB3 0,low voltage,-158583.20779
Link,services urban decentral air heat pump,GB3 0,services urban decentral heat,380957.12346
Link,services urban decentral air heat pump,GR0 0,low voltage,-1143539.83478
Link,services urban decentral air heat pump,GR0 0,services urban decentral heat,2956913.6623
Link,services urban decentral air heat pump,HR0 0,low voltage,-336543.28139
Link,services urban decentral air heat pump,HR0 0,services urban decentral heat,787346.69499
Link,services urban decentral air heat pump,HU0 0,low voltage,-1747101.43345
Link,services urban decentral air heat pump,HU0 0,services urban decentral heat,3904542.46306
Link,services urban decentral air heat pump,IE3 0,low voltage,-967951.4966
Link,services urban decentral air heat pump,IE3 0,services urban decentral heat,2337899.06702
Link,services urban decentral air heat pump,IT0 0,low voltage,-14708626.26632
Link,services urban decentral air heat pump,IT0 0,services urban decentral heat,35560748.64793
Link,services urban decentral air heat pump,IT4 0,low voltage,-105165.77202
Link,services urban decentral air heat pump,IT4 0,services urban decentral heat,269972.78119
Link,services urban decentral air heat pump,LT0 0,low voltage,-395221.91987
Link,services urban decentral air heat pump,LT0 0,services urban decentral heat,802095.40283
Link,services urban decentral air heat pump,LU0 0,low voltage,-410510.85485
Link,services urban decentral air heat pump,LU0 0,services urban decentral heat,902238.57731
Link,services urban decentral air heat pump,LV0 0,low voltage,-478022.31396
Link,services urban decentral air heat pump,LV0 0,services urban decentral heat,948173.4006
Link,services urban decentral air heat pump,ME0 0,low voltage,-15701.4239
Link,services urban decentral air heat pump,ME0 0,services urban decentral heat,37511.86004
Link,services urban decentral air heat pump,MK0 0,low voltage,-111027.88114
Link,services urban decentral air heat pump,MK0 0,services urban decentral heat,254097.42827
Link,services urban decentral air heat pump,NL0 0,low voltage,-7640388.5334
Link,services urban decentral air heat pump,NL0 0,services urban decentral heat,17428170.14511
Link,services urban decentral air heat pump,NO1 0,low voltage,-4380038.43027
Link,services urban decentral air heat pump,NO1 0,services urban decentral heat,8502919.36553
Link,services urban decentral air heat pump,PL0 0,low voltage,-5170392.69478
Link,services urban decentral air heat pump,PL0 0,services urban decentral heat,10967890.29168
Link,services urban decentral air heat pump,PT0 0,low voltage,-1064580.34352
Link,services urban decentral air heat pump,PT0 0,services urban decentral heat,2779610.39232
Link,services urban decentral air heat pump,RO0 0,low voltage,-987181.56927
Link,services urban decentral air heat pump,RO0 0,services urban decentral heat,2185828.38247
Link,services urban decentral air heat pump,RS0 0,low voltage,-468723.64677
Link,services urban decentral air heat pump,RS0 0,services urban decentral heat,1058506.35831
Link,services urban decentral air heat pump,SE1 0,low voltage,-4359230.20931
Link,services urban decentral air heat pump,SE1 0,services urban decentral heat,8431496.96846
Link,services urban decentral air heat pump,SI0 0,low voltage,-280327.39045
Link,services urban decentral air heat pump,SI0 0,services urban decentral heat,623384.48515
Link,services urban decentral air heat pump,SK0 0,low voltage,-1225922.233
Link,services urban decentral air heat pump,SK0 0,services urban decentral heat,2617636.16099
Link,services urban decentral air heat pump,XK0 0,low voltage,-75442.07505
Link,services urban decentral air heat pump,XK0 0,services urban decentral heat,171149.76044
Link,shipping methanol,EU,co2,124740949.26329
Link,shipping methanol,EU,methanol,-502967981.52451
Link,shipping methanol,EU,shipping methanol,502967981.52451
Link,solid biomass for industry,EU,solid biomass,-37.25976
Link,solid biomass for industry,EU,solid biomass for industry,37.25976
Link,solid biomass for industry CC,EU,co2,-289615159.65899
Link,solid biomass for industry CC,EU,co2 stored,289615159.65899
Link,solid biomass for industry CC,EU,solid biomass,-831355502.58779
Link,solid biomass for industry CC,EU,solid biomass for industry,748219952.32901
Link,urban central air heat pump,AL0 0,low voltage,-420567.4333
Link,urban central air heat pump,AL0 0,urban central heat,1370141.50439
Link,urban central air heat pump,AT0 0,low voltage,-10116871.27605
Link,urban central air heat pump,AT0 0,urban central heat,29409943.98286
Link,urban central air heat pump,BA0 0,low voltage,-1139764.52072
Link,urban central air heat pump,BA0 0,urban central heat,3452113.6341
Link,urban central air heat pump,BE0 0,low voltage,-20541995.87651
Link,urban central air heat pump,BE0 0,urban central heat,62513961.42572
Link,urban central air heat pump,BG0 0,low voltage,-2865682.05921
Link,urban central air heat pump,BG0 0,urban central heat,8910856.48182
Link,urban central air heat pump,CH0 0,low voltage,-12047971.74241
Link,urban central air heat pump,CH0 0,urban central heat,33624045.15731
Link,urban central air heat pump,CZ0 0,low voltage,-11088577.36513
Link,urban central air heat pump,CZ0 0,urban central heat,29656941.12931
Link,urban central air heat pump,DE0 0,low voltage,-81421717.00726
Link,urban central air heat pump,DE0 0,urban central heat,245538286.80898
Link,urban central air heat pump,DE0 1,low voltage,-32850865.93649
Link,urban central air heat pump,DE0 1,urban central heat,98308253.9662
Link,urban central air heat pump,DK0 0,low voltage,-4998819.05555
Link,urban central air heat pump,DK0 0,urban central heat,18349684.70285
Link,urban central air heat pump,DK1 0,low voltage,-3029135.11234
Link,urban central air heat pump,DK1 0,urban central heat,11128557.84578
Link,urban central air heat pump,EE0 0,low voltage,-1289682.50501
Link,urban central air heat pump,EE0 0,urban central heat,3549541.64371
Link,urban central air heat pump,ES0 0,low voltage,-13322305.25719
Link,urban central air heat pump,ES0 0,urban central heat,43546712.68095
Link,urban central air heat pump,ES6 0,low voltage,-209611.14886
Link,urban central air heat pump,ES6 0,urban central heat,766937.21012
Link,urban central air heat pump,FI1 0,low voltage,-14741221.98991
Link,urban central air heat pump,FI1 0,urban central heat,37602380.5268
Link,urban central air heat pump,FR0 0,low voltage,-84132818.95689
Link,urban central air heat pump,FR0 0,urban central heat,254733614.0409
Link,urban central air heat pump,GB2 0,low voltage,-59695084.73499
Link,urban central air heat pump,GB2 0,urban central heat,184588986.23353
Link,urban central air heat pump,GB3 0,low voltage,-555990.80016
Link,urban central air heat pump,GB3 0,urban central heat,1740554.79152
Link,urban central air heat pump,GR0 0,low voltage,-3785641.43755
Link,urban central air heat pump,GR0 0,urban central heat,12533572.80577
Link,urban central air heat pump,HR0 0,low voltage,-2471557.95027
Link,urban central air heat pump,HR0 0,urban central heat,7629626.85477
Link,urban central air heat pump,HU0 0,low voltage,-9450761.7424
Link,urban central air heat pump,HU0 0,urban central heat,28361124.48286
Link,urban central air heat pump,IE3 0,low voltage,-3217328.71817
Link,urban central air heat pump,IE3 0,urban central heat,10182487.07765
Link,urban central air heat pump,IT0 0,low voltage,-50130094.33933
Link,urban central air heat pump,IT0 0,urban central heat,182899231.05388
Link,urban central air heat pump,IT4 0,low voltage,-317986.63825
Link,urban central air heat pump,IT4 0,urban central heat,1232629.22141
Link,urban central air heat pump,LT0 0,low voltage,-1833615.53089
Link,urban central air heat pump,LT0 0,urban central heat,5142576.10668
Link,urban central air heat pump,LU0 0,low voltage,-1161983.82936
Link,urban central air heat pump,LU0 0,urban central heat,3436770.94709
Link,urban central air heat pump,LV0 0,low voltage,-1697208.78319
Link,urban central air heat pump,LV0 0,urban central heat,4811354.29313
Link,urban central air heat pump,ME0 0,low voltage,-179408.46242
Link,urban central air heat pump,ME0 0,urban central heat,544771.6455
Link,urban central air heat pump,MK0 0,low voltage,-537147.7873
Link,urban central air heat pump,MK0 0,urban central heat,1620656.03178
Link,urban central air heat pump,NL0 0,low voltage,-27003746.85892
Link,urban central air heat pump,NL0 0,urban central heat,83521914.29511
Link,urban central air heat pump,NO1 0,low voltage,-10767476.72517
Link,urban central air heat pump,NO1 0,urban central heat,29057149.56168
Link,urban central air heat pump,PL0 0,low voltage,-25871086.75206
Link,urban central air heat pump,PL0 0,urban central heat,68835958.07093
Link,urban central air heat pump,PT0 0,low voltage,-2145201.40327
Link,urban central air heat pump,PT0 0,urban central heat,7419934.4362
Link,urban central air heat pump,RO0 0,low voltage,-7926093.85907
Link,urban central air heat pump,RO0 0,urban central heat,23527573.23245
Link,urban central air heat pump,RS0 0,low voltage,-3043476.1721
Link,urban central air heat pump,RS0 0,urban central heat,9261836.41536
Link,urban central air heat pump,SE1 0,low voltage,-19686218.15645
Link,urban central air heat pump,SE1 0,urban central heat,54504769.7036
Link,urban central air heat pump,SI0 0,low voltage,-1581199.56318
Link,urban central air heat pump,SI0 0,urban central heat,4725930.07836
Link,urban central air heat pump,SK0 0,low voltage,-3852938.9517
Link,urban central air heat pump,SK0 0,urban central heat,11393855.38072
Link,urban central air heat pump,XK0 0,low voltage,-439753.36593
Link,urban central air heat pump,XK0 0,urban central heat,1313758.67749
Link,waste CHP,AL0 0,AC,12.02785
Link,waste CHP,AL0 0,urban central heat,42.36135
Link,waste CHP,AT0 0,AC,14.16373
Link,waste CHP,AT0 0,urban central heat,49.88382
Link,waste CHP,BA0 0,AC,12.11793
Link,waste CHP,BA0 0,urban central heat,42.67863
Link,waste CHP,BE0 0,AC,14.35545
Link,waste CHP,BE0 0,urban central heat,50.55902
Link,waste CHP,BG0 0,AC,13.72276
Link,waste CHP,BG0 0,urban central heat,48.33074
Link,waste CHP,CH0 0,AC,14.17496
Link,waste CHP,CH0 0,urban central heat,49.92337
Link,waste CHP,CZ0 0,AC,14.15548
Link,waste CHP,CZ0 0,urban central heat,49.85476
Link,waste CHP,DE0 0,AC,14.24783
Link,waste CHP,DE0 0,urban central heat,50.18
Link,waste CHP,DE0 1,AC,14.22474
Link,waste CHP,DE0 1,urban central heat,50.09867
Link,waste CHP,DK0 0,AC,14.0481
Link,waste CHP,DK0 0,urban central heat,49.47656
Link,waste CHP,DK1 0,AC,13.90737
Link,waste CHP,DK1 0,urban central heat,48.98094
Link,waste CHP,EE0 0,AC,12.73003
Link,waste CHP,EE0 0,urban central heat,44.8344
Link,waste CHP,ES0 0,AC,14.15118
Link,waste CHP,ES0 0,urban central heat,49.83959
Link,waste CHP,ES6 0,AC,10.61629
Link,waste CHP,ES6 0,urban central heat,37.38993
Link,waste CHP,EU,co2,628.96678
Link,waste CHP,EU,non-sequestered HVC,-2446.38966
Link,waste CHP,FI1 0,AC,14.19257
Link,waste CHP,FI1 0,urban central heat,49.9854
Link,waste CHP,FR0 0,AC,14.35306
Link,waste CHP,FR0 0,urban central heat,50.55062
Link,waste CHP,FR5 0,AC,13.61679
Link,waste CHP,GB2 0,AC,14.16213
Link,waste CHP,GB2 0,urban central heat,49.87818
Link,waste CHP,GB3 0,AC,12.29495
Link,waste CHP,GB3 0,urban central heat,43.30208
Link,waste CHP,GR0 0,AC,13.91997
Link,waste CHP,GR0 0,urban central heat,49.0253
Link,waste CHP,HR0 0,AC,13.47258
Link,waste CHP,HR0 0,urban central heat,47.44963
Link,waste CHP,HU0 0,AC,14.00144
Link,waste CHP,HU0 0,urban central heat,49.31223
Link,waste CHP,IE3 0,AC,13.93662
Link,waste CHP,IE3 0,urban central heat,49.08395
Link,waste CHP,IT0 0,AC,14.33539
Link,waste CHP,IT0 0,urban central heat,50.4884
Link,waste CHP,IT4 0,AC,7.6375
Link,waste CHP,IT4 0,urban central heat,26.8988
Link,waste CHP,LT0 0,AC,13.26072
Link,waste CHP,LT0 0,urban central heat,46.70344
Link,waste CHP,LU0 0,AC,11.8453
Link,waste CHP,LU0 0,urban central heat,41.71844
Link,waste CHP,LV0 0,AC,13.56176
Link,waste CHP,LV0 0,urban central heat,47.7637
Link,waste CHP,ME0 0,AC,10.06302
Link,waste CHP,ME0 0,urban central heat,35.44136
Link,waste CHP,MK0 0,AC,10.69658
Link,waste CHP,MK0 0,urban central heat,37.67273
Link,waste CHP,NL0 0,AC,14.16767
Link,waste CHP,NL0 0,urban central heat,49.89768
Link,waste CHP,NO1 0,AC,14.16147
Link,waste CHP,NO1 0,urban central heat,49.87584
Link,waste CHP,PL0 0,AC,14.22972
Link,waste CHP,PL0 0,urban central heat,50.11622
Link,waste CHP,PT0 0,AC,13.84284
Link,waste CHP,PT0 0,urban central heat,48.75364
Link,waste CHP,RO0 0,AC,14.07817
Link,waste CHP,RO0 0,urban central heat,49.58248
Link,waste CHP,RS0 0,AC,13.62727
Link,waste CHP,RS0 0,urban central heat,47.99444
Link,waste CHP,SE1 0,AC,14.14281
Link,waste CHP,SE1 0,urban central heat,49.81013
Link,waste CHP,SI0 0,AC,13.08043
Link,waste CHP,SI0 0,urban central heat,46.06847
Link,waste CHP,SK0 0,AC,13.88144
Link,waste CHP,SK0 0,urban central heat,48.8896
Link,waste CHP,XK0 0,AC,10.43744
Link,waste CHP,XK0 0,urban central heat,36.76004
Link,waste CHP CC,AL0 0,AC,14778.56055
Link,waste CHP CC,AL0 0,urban central heat,52049.20286
Link,waste CHP CC,AT0 0,AC,155893.87074
Link,waste CHP CC,AT0 0,urban central heat,549048.85191
Link,waste CHP CC,BA0 0,AC,20833.57351
Link,waste CHP CC,BA0 0,urban central heat,73374.59493
Link,waste CHP CC,BE0 0,AC,498869.8555
Link,waste CHP CC,BE0 0,urban central heat,1756989.67585
Link,waste CHP CC,BG0 0,AC,22841.38294
Link,waste CHP CC,BG0 0,urban central heat,80445.97917
Link,waste CHP CC,CH0 0,AC,28682.2067
Link,waste CHP CC,CH0 0,urban central heat,101017.00975
Link,waste CHP CC,CZ0 0,AC,2564550.93502
Link,waste CHP CC,CZ0 0,urban central heat,9032194.40162
Link,waste CHP CC,DE0 0,AC,7631932.52611
Link,waste CHP CC,DE0 0,urban central heat,26879208.08848
Link,waste CHP CC,DE0 1,AC,4599587.13651
Link,waste CHP CC,DE0 1,urban central heat,16199469.7071
Link,waste CHP CC,DK0 0,AC,29710.80474
Link,waste CHP CC,DK0 0,urban central heat,104639.67027
Link,waste CHP CC,DK1 0,AC,34654.0595
Link,waste CHP CC,DK1 0,urban central heat,122049.51671
Link,waste CHP CC,EE0 0,AC,134795.97033
Link,waste CHP CC,EE0 0,urban central heat,474743.3135
Link,waste CHP CC,ES0 0,AC,19810.258
Link,waste CHP CC,ES0 0,urban central heat,69770.53916
Link,waste CHP CC,ES6 0,AC,5978.17801
Link,waste CHP CC,ES6 0,urban central heat,21054.78398
Link,waste CHP CC,EU,co2,3020978.96454
Link,waste CHP CC,EU,co2 stored,27188810.68088
Link,waste CHP CC,EU,non-sequestered HVC,-117502098.97093
Link,waste CHP CC,FI1 0,AC,513850.92018
Link,waste CHP CC,FI1 0,urban central heat,1809752.08609
Link,waste CHP CC,FR0 0,AC,26111.533
Link,waste CHP CC,FR0 0,urban central heat,91963.25132
Link,waste CHP CC,FR5 0,AC,14624.74055
Link,waste CHP CC,GB2 0,AC,24728.61695
Link,waste CHP CC,GB2 0,urban central heat,87092.70403
Link,waste CHP CC,GB3 0,AC,11496.10713
Link,waste CHP CC,GB3 0,urban central heat,40488.59902
Link,waste CHP CC,GR0 0,AC,20652.28993
Link,waste CHP CC,GR0 0,urban central heat,72736.12503
Link,waste CHP CC,HR0 0,AC,27550.62746
Link,waste CHP CC,HR0 0,urban central heat,97031.65561
Link,waste CHP CC,HU0 0,AC,72576.37148
Link,waste CHP CC,HU0 0,urban central heat,255609.62241
Link,waste CHP CC,IE3 0,AC,19009.44306
Link,waste CHP CC,IE3 0,urban central heat,66950.117
Link,waste CHP CC,IT0 0,AC,26105.736
Link,waste CHP CC,IT0 0,urban central heat,91942.83465
Link,waste CHP CC,IT4 0,AC,7327.3603
Link,waste CHP CC,IT4 0,urban central heat,25806.52299
Link,waste CHP CC,LT0 0,AC,275478.71468
Link,waste CHP CC,LT0 0,urban central heat,970219.49165
Link,waste CHP CC,LU0 0,AC,95220.10932
Link,waste CHP CC,LU0 0,urban central heat,335359.50742
Link,waste CHP CC,LV0 0,AC,227380.05683
Link,waste CHP CC,LV0 0,urban central heat,800818.90684
Link,waste CHP CC,ME0 0,AC,12434.21355
Link,waste CHP CC,ME0 0,urban central heat,43792.55351
Link,waste CHP CC,MK0 0,AC,16213.07011
Link,waste CHP CC,MK0 0,urban central heat,57101.45938
Link,waste CHP CC,NL0 0,AC,1316162.80264
Link,waste CHP CC,NL0 0,urban central heat,4635446.36035
Link,waste CHP CC,NO1 0,AC,47068.79207
Link,waste CHP CC,NO1 0,urban central heat,165773.45936
Link,waste CHP CC,PL0 0,AC,5677961.13036
Link,waste CHP CC,PL0 0,urban central heat,19997438.1612
Link,waste CHP CC,PT0 0,AC,17438.73429
Link,waste CHP CC,PT0 0,urban central heat,61418.17503
Link,waste CHP CC,RO0 0,AC,29710.28462
Link,waste CHP CC,RO0 0,urban central heat,104637.83843
Link,waste CHP CC,RS0 0,AC,26173.71069
Link,waste CHP CC,RS0 0,urban central heat,92182.23744
Link,waste CHP CC,SE1 0,AC,563560.55062
Link,waste CHP CC,SE1 0,urban central heat,1984826.41962
Link,waste CHP CC,SI0 0,AC,23550.6591
Link,waste CHP CC,SI0 0,urban central heat,82944.00722
Link,waste CHP CC,SK0 0,AC,568198.0192
Link,waste CHP CC,SK0 0,urban central heat,2001159.3055
Link,waste CHP CC,XK0 0,AC,15700.51495
Link,waste CHP CC,XK0 0,urban central heat,55296.27088
Load,H2 for industry,AL0 0,H2,-90000.0
Load,H2 for industry,AT0 0,H2,-9130000.0
Load,H2 for industry,BA0 0,H2,-720000.0
Load,H2 for industry,BE0 0,H2,-10470000.0
Load,H2 for industry,BG0 0,H2,-1620000.0
Load,H2 for industry,CH0 0,H2,-560000.0
Load,H2 for industry,CZ0 0,H2,-3620000.0
Load,H2 for industry,DE0 0,H2,-32540000.0
Load,H2 for industry,DE0 1,H2,-7840000.0
Load,H2 for industry,DK0 0,H2,0.0
Load,H2 for industry,DK1 0,H2,0.0
Load,H2 for industry,EE0 0,H2,-160000.0
Load,H2 for industry,ES0 0,H2,-6580000.0
Load,H2 for industry,ES6 0,H2,0.0
Load,H2 for industry,FI1 0,H2,-2490000.0
Load,H2 for industry,FR0 0,H2,-14630000.0
Load,H2 for industry,FR5 0,H2,0.0
Load,H2 for industry,GB2 0,H2,-8010000.0
Load,H2 for industry,GB3 0,H2,10000.0
Load,H2 for industry,GR0 0,H2,-770000.0
Load,H2 for industry,HR0 0,H2,-2840000.0
Load,H2 for industry,HU0 0,H2,-3910000.0
Load,H2 for industry,IE3 0,H2,0.0
Load,H2 for industry,IT0 0,H2,-6800000.0
Load,H2 for industry,IT4 0,H2,30000.0
Load,H2 for industry,LT0 0,H2,-6230000.0
Load,H2 for industry,LU0 0,H2,0.0
Load,H2 for industry,LV0 0,H2,0.0
Load,H2 for industry,ME0 0,H2,-20000.0
Load,H2 for industry,MK0 0,H2,-650000.0
Load,H2 for industry,NL0 0,H2,-20710000.0
Load,H2 for industry,NO1 0,H2,-4240000.0
Load,H2 for industry,PL0 0,H2,-19400000.0
Load,H2 for industry,PT0 0,H2,70000.0
Load,H2 for industry,RO0 0,H2,-5440000.0
Load,H2 for industry,RS0 0,H2,-1230000.0
Load,H2 for industry,SE1 0,H2,-2650000.0
Load,H2 for industry,SI0 0,H2,0.0
Load,H2 for industry,SK0 0,H2,-6220000.0
Load,H2 for industry,XK0 0,H2,-200000.0
Load,agriculture electricity,AL0 0,low voltage,-85798.76348
Load,agriculture electricity,AT0 0,low voltage,-714494.79218
Load,agriculture electricity,BA0 0,low voltage,-43545.30092
Load,agriculture electricity,BE0 0,low voltage,-1205990.47002
Load,agriculture electricity,BG0 0,low voltage,-230887.1039
Load,agriculture electricity,CH0 0,low voltage,0.0
Load,agriculture electricity,CZ0 0,low voltage,-709493.13383
Load,agriculture electricity,DE0 0,low voltage,-2349612.61315
Load,agriculture electricity,DE0 1,low voltage,-1372353.14023
Load,agriculture electricity,DK0 0,low voltage,-705298.73519
Load,agriculture electricity,DK1 0,low voltage,-407442.45602
Load,agriculture electricity,EE0 0,low voltage,-103098.23217
Load,agriculture electricity,ES0 0,low voltage,-3652592.73631
Load,agriculture electricity,ES6 0,low voltage,-60705.91973
Load,agriculture electricity,FI1 0,low voltage,-951485.88405
Load,agriculture electricity,FR0 0,low voltage,-5689059.88603
Load,agriculture electricity,FR5 0,low voltage,-23657.82342
Load,agriculture electricity,GB2 0,low voltage,-1312365.50001
Load,agriculture electricity,GB3 0,low voltage,-35596.06384
Load,agriculture electricity,GR0 0,low voltage,-961118.06212
Load,agriculture electricity,HR0 0,low voltage,-119437.90737
Load,agriculture electricity,HU0 0,low voltage,-741103.49213
Load,agriculture electricity,IE3 0,low voltage,-358929.60966
Load,agriculture electricity,IT0 0,low voltage,-3915329.56151
Load,agriculture electricity,IT4 0,low voltage,-99540.597
Load,agriculture electricity,LT0 0,low voltage,-142711.73871
Load,agriculture electricity,LU0 0,low voltage,-23787.06055
Load,agriculture electricity,LV0 0,low voltage,-148380.95546
Load,agriculture electricity,ME0 0,low voltage,-5456.65404
Load,agriculture electricity,MK0 0,low voltage,-23892.88991
Load,agriculture electricity,NL0 0,low voltage,-7161190.83362
Load,agriculture electricity,NO1 0,low voltage,-356330.41298
Load,agriculture electricity,PL0 0,low voltage,-1473035.8883
Load,agriculture electricity,PT0 0,low voltage,-667296.12856
Load,agriculture electricity,RO0 0,low voltage,-554892.92974
Load,agriculture electricity,RS0 0,low voltage,-168577.67396
Load,agriculture electricity,SE1 0,low voltage,-702605.47146
Load,agriculture electricity,SI0 0,low voltage,-13990.7192
Load,agriculture electricity,SK0 0,low voltage,-194501.53782
Load,agriculture electricity,XK0 0,low voltage,-40295.12016
Load,agriculture heat,AL0 0,services rural heat,-85798.76348
Load,agriculture heat,AT0 0,services rural heat,-3679919.14599
Load,agriculture heat,BA0 0,services rural heat,-43545.30092
Load,agriculture heat,BE0 0,services rural heat,-6609539.22088
Load,agriculture heat,BG0 0,services rural heat,-1344209.21661
Load,agriculture heat,CH0 0,services rural heat,0.0
Load,agriculture heat,CZ0 0,services rural heat,-4520959.97279
Load,agriculture heat,DE0 0,services rural heat,-16310449.20947
Load,agriculture heat,DE0 1,services rural heat,-9526547.51083
Load,agriculture heat,DK0 0,services rural heat,-2998001.65899
Load,agriculture heat,DK1 0,services rural heat,-1731908.90349
Load,agriculture heat,EE0 0,services rural heat,-776846.56686
Load,agriculture heat,ES0 0,services rural heat,-18904916.1813
Load,agriculture heat,ES6 0,services rural heat,-314198.81905
Load,agriculture heat,FI1 0,services rural heat,-6178480.46013
Load,agriculture heat,FR0 0,services rural heat,-30498623.46344
Load,agriculture heat,FR5 0,services rural heat,-126827.81739
Load,agriculture heat,GB2 0,services rural heat,-1312365.50001
Load,agriculture heat,GB3 0,services rural heat,-35596.06384
Load,agriculture heat,GR0 0,services rural heat,-3857312.45687
Load,agriculture heat,HR0 0,services rural heat,-1764526.9869
Load,agriculture heat,HU0 0,services rural heat,-4835912.03061
Load,agriculture heat,IE3 0,services rural heat,-1591774.945
Load,agriculture heat,IT0 0,services rural heat,-18379280.59196
Load,agriculture heat,IT4 0,services rural heat,-467261.95937
Load,agriculture heat,LT0 0,services rural heat,-893825.58993
Load,agriculture heat,LU0 0,services rural heat,-163219.81114
Load,agriculture heat,LV0 0,services rural heat,-1499504.77398
Load,agriculture heat,ME0 0,services rural heat,-5456.65404
Load,agriculture heat,MK0 0,services rural heat,-23892.88991
Load,agriculture heat,NL0 0,services rural heat,-33378547.14769
Load,agriculture heat,NO1 0,services rural heat,-356330.41298
Load,agriculture heat,PL0 0,services rural heat,-29571886.61201
Load,agriculture heat,PT0 0,services rural heat,-3041446.18069
Load,agriculture heat,RO0 0,services rural heat,-3873886.60377
Load,agriculture heat,RS0 0,services rural heat,-168577.67396
Load,agriculture heat,SE1 0,services rural heat,-4477624.51413
Load,agriculture heat,SI0 0,services rural heat,-540489.59035
Load,agriculture heat,SK0 0,services rural heat,-881956.30939
Load,agriculture heat,XK0 0,services rural heat,-40295.12016
Load,agriculture machinery electric,AL0 0,low voltage,-18385.44932
Load,agriculture machinery electric,AT0 0,low voltage,-357420.01325
Load,agriculture machinery electric,BA0 0,low voltage,-9331.13591
Load,agriculture machinery electric,BE0 0,low voltage,-664842.28052
Load,agriculture machinery electric,BG0 0,low voltage,-153340.43132
Load,agriculture machinery electric,CH0 0,low voltage,0.0
Load,agriculture machinery electric,CZ0 0,low voltage,-490237.69144
Load,agriculture machinery electric,DE0 0,low voltage,-1753990.07644
Load,agriculture machinery electric,DE0 1,low voltage,-1024464.10777
Load,agriculture machinery electric,DK0 0,low voltage,-339157.85151
Load,agriculture machinery electric,DK1 0,low voltage,-195927.34412
Load,agriculture machinery electric,EE0 0,low voltage,-94104.68592
Load,agriculture machinery electric,ES0 0,low voltage,-2345631.57277
Load,agriculture machinery electric,ES6 0,low voltage,-38984.28658
Load,agriculture machinery electric,FI1 0,low voltage,-606144.14053
Load,agriculture machinery electric,FR0 0,low voltage,-3658066.23289
Load,agriculture machinery electric,FR5 0,low voltage,-15211.98348
Load,agriculture machinery electric,GB2 0,low voltage,-281221.17857
Load,agriculture machinery electric,GB3 0,low voltage,-7627.72797
Load,agriculture machinery electric,GR0 0,low voltage,-247346.46022
Load,agriculture machinery electric,HR0 0,low voltage,-206266.73694
Load,agriculture machinery electric,HU0 0,low voltage,-532127.88798
Load,agriculture machinery electric,IE3 0,low voltage,-211292.024
Load,agriculture machinery electric,IT0 0,low voltage,-2340605.15574
Load,agriculture machinery electric,IT4 0,low voltage,-59505.90643
Load,agriculture machinery electric,LT0 0,low voltage,-81069.35815
Load,agriculture machinery electric,LU0 0,low voltage,-20614.09892
Load,agriculture machinery electric,LV0 0,low voltage,-166309.77226
Load,agriculture machinery electric,ME0 0,low voltage,-1169.28301
Load,agriculture machinery electric,MK0 0,low voltage,-5119.90498
Load,agriculture machinery electric,NL0 0,low voltage,-1650261.004
Load,agriculture machinery electric,NO1 0,low voltage,-76356.51707
Load,agriculture machinery electric,PL0 0,low voltage,-2853179.46422
Load,agriculture machinery electric,PT0 0,low voltage,-394925.50516
Load,agriculture machinery electric,RO0 0,low voltage,-440005.17139
Load,agriculture machinery electric,RS0 0,low voltage,-36123.78728
Load,agriculture machinery electric,SE1 0,low voltage,-497979.64594
Load,agriculture machinery electric,SI0 0,low voltage,-64084.0051
Load,agriculture machinery electric,SK0 0,low voltage,-91715.1756
Load,agriculture machinery electric,XK0 0,low voltage,-8634.66861
Load,agriculture machinery oil,EU,agriculture machinery oil,-51423819.35442
Load,electricity,AL0 0,low voltage,-3688128.45575
Load,electricity,AT0 0,low voltage,-31307192.84121
Load,electricity,BA0 0,low voltage,-5621455.72685
Load,electricity,BE0 0,low voltage,-36208347.64067
Load,electricity,BG0 0,low voltage,-19943566.99285
Load,electricity,CH0 0,low voltage,-27370695.6871
Load,electricity,CZ0 0,low voltage,-27415414.5278
Load,electricity,DE0 0,low voltage,-138724356.93798
Load,electricity,DE0 1,low voltage,-100676358.99621
Load,electricity,DK0 0,low voltage,-8946841.78615
Load,electricity,DK1 0,low voltage,-10699406.12813
Load,electricity,EE0 0,low voltage,-4340970.47174
Load,electricity,ES0 0,low voltage,-141033147.59372
Load,electricity,ES6 0,low voltage,-7607614.7087
Load,electricity,FI1 0,low voltage,-24636428.6686
Load,electricity,FR0 0,low voltage,-225205008.41863
Load,electricity,FR5 0,low voltage,-3974945.85382
Load,electricity,GB2 0,low voltage,-188358590.4946
Load,electricity,GB3 0,low voltage,-7920373.44187
Load,electricity,GR0 0,low voltage,-24406740.72144
Load,electricity,HR0 0,low voltage,-10221784.60559
Load,electricity,HU0 0,low voltage,-16157114.54792
Load,electricity,IE3 0,low voltage,-11048453.5268
Load,electricity,IT0 0,low voltage,-136059566.27593
Load,electricity,IT4 0,low voltage,-4770055.51228
Load,electricity,LT0 0,low voltage,-6019566.14902
Load,electricity,LU0 0,low voltage,-1840364.82962
Load,electricity,LV0 0,low voltage,-4252558.05139
Load,electricity,ME0 0,low voltage,-2208690.9719
Load,electricity,MK0 0,low voltage,-4675112.31259
Load,electricity,NL0 0,low voltage,-64048125.38123
Load,electricity,NO1 0,low voltage,-58893074.1169
Load,electricity,PL0 0,low voltage,-70995641.6039
Load,electricity,PT0 0,low voltage,-26399925.53495
Load,electricity,RO0 0,low voltage,-26416090.23154
Load,electricity,RS0 0,low voltage,-25244058.84176
Load,electricity,SE1 0,low voltage,-49094607.69077
Load,electricity,SI0 0,low voltage,-4000297.75502
Load,electricity,SK0 0,low voltage,-9517971.96242
Load,electricity,XK0 0,low voltage,-5018528.57961
Load,gas for industry,EU,gas for industry,-231370000.0
Load,industry electricity,AL0 0,low voltage,-1010000.0
Load,industry electricity,AT0 0,low voltage,-48020000.0
Load,industry electricity,BA0 0,low voltage,-4310000.0
Load,industry electricity,BE0 0,low voltage,-71500000.0
Load,industry electricity,BG0 0,low voltage,-15870000.0
Load,industry electricity,CH0 0,low voltage,-17250000.0
Load,industry electricity,CZ0 0,low voltage,-43580000.0
Load,industry electricity,DE0 0,low voltage,-237260000.0
Load,industry electricity,DE0 1,low voltage,-125770000.0
Load,industry electricity,DK0 0,low voltage,-13970000.0
Load,industry electricity,DK1 0,low voltage,-3870000.0
Load,industry electricity,EE0 0,low voltage,-3090000.0
Load,industry electricity,ES0 0,low voltage,-153800000.0
Load,industry electricity,ES6 0,low voltage,-1010000.0
Load,industry electricity,FI1 0,low voltage,-53170000.0
Load,industry electricity,FR0 0,low voltage,-204070000.0
Load,industry electricity,FR5 0,low voltage,-360000.0
Load,industry electricity,GB2 0,low voltage,-124100000.0
Load,industry electricity,GB3 0,low voltage,-2900000.0
Load,industry electricity,GR0 0,low voltage,-16150000.0
Load,industry electricity,HR0 0,low voltage,-8060000.0
Load,industry electricity,HU0 0,low voltage,-31290000.0
Load,industry electricity,IE3 0,low voltage,-14950000.0
Load,industry electricity,IT0 0,low voltage,-177130000.0
Load,industry electricity,IT4 0,low voltage,-6910000.0
Load,industry electricity,LT0 0,low voltage,-4100000.0
Load,industry electricity,LU0 0,low voltage,-4530000.0
Load,industry electricity,LV0 0,low voltage,-4320000.0
Load,industry electricity,ME0 0,low voltage,-770000.0
Load,industry electricity,MK0 0,low voltage,-2200000.0
Load,industry electricity,NL0 0,low voltage,-86050000.0
Load,industry electricity,NO1 0,low voltage,-35350000.0
Load,industry electricity,PL0 0,low voltage,-93710000.0
Load,industry electricity,PT0 0,low voltage,-28960000.0
Load,industry electricity,RO0 0,low voltage,-39060000.0
Load,industry electricity,RS0 0,low voltage,-9820000.0
Load,industry electricity,SE1 0,low voltage,-53670000.0
Load,industry electricity,SI0 0,low voltage,-8110000.0
Load,industry electricity,SK0 0,low voltage,-18090000.0
Load,industry electricity,XK0 0,low voltage,-1270000.0
Load,industry methanol,EU,industry methanol,-8740000.0
Load,kerosene for aviation,EU,kerosene for aviation,-743906976.62384
Load,land transport EV,AL0 0,EV battery,-2065783.08993
Load,land transport EV,AT0 0,EV battery,-21937529.81597
Load,land transport EV,BA0 0,EV battery,-3451087.27114
Load,land transport EV,BE0 0,EV battery,-29297109.36508
Load,land transport EV,BG0 0,EV battery,-8181528.17808
Load,land transport EV,CH0 0,EV battery,-12947431.59825
Load,land transport EV,CZ0 0,EV battery,-20701638.11463
Load,land transport EV,DE0 0,EV battery,-105879331.27049
Load,land transport EV,DE0 1,EV battery,-61926835.31112
Load,land transport EV,DK0 0,EV battery,-8670526.68719
Load,land transport EV,DK1 0,EV battery,-5005803.81196
Load,land transport EV,EE0 0,EV battery,-2457985.82986
Load,land transport EV,ES0 0,EV battery,-80888491.17308
Load,land transport EV,ES6 0,EV battery,-1318871.89051
Load,land transport EV,FI1 0,EV battery,-13578014.03547
Load,land transport EV,FR0 0,EV battery,-135122133.70225
Load,land transport EV,FR5 0,EV battery,-552774.60524
Load,land transport EV,GB2 0,EV battery,-101285209.81227
Load,land transport EV,GB3 0,EV battery,-2742750.28029
Load,land transport EV,GR0 0,EV battery,-15633373.38106
Load,land transport EV,HR0 0,EV battery,-6519035.05193
Load,land transport EV,HU0 0,EV battery,-14019587.53452
Load,land transport EV,IE3 0,EV battery,-10939556.90996
Load,land transport EV,IT0 0,EV battery,-104566903.94371
Load,land transport EV,IT4 0,EV battery,-2611729.35423
Load,land transport EV,LT0 0,EV battery,-6895903.77038
Load,land transport EV,LU0 0,EV battery,-3076474.33027
Load,land transport EV,LV0 0,EV battery,-3281618.21923
Load,land transport EV,ME0 0,EV battery,-693838.59121
Load,land transport EV,MK0 0,EV battery,-1978837.49092
Load,land transport EV,NL0 0,EV battery,-36084052.35319
Load,land transport EV,NO1 0,EV battery,-9295337.60282
Load,land transport EV,PL0 0,EV battery,-64121892.19059
Load,land transport EV,PT0 0,EV battery,-19447466.53214
Load,land transport EV,RO0 0,EV battery,-20407576.75639
Load,land transport EV,RS0 0,EV battery,-5902565.28072
Load,land transport EV,SE1 0,EV battery,-21150381.43059
Load,land transport EV,SI0 0,EV battery,-5781916.66473
Load,land transport EV,SK0 0,EV battery,-8955376.97818
Load,land transport EV,XK0 0,EV battery,-1117190.1877
Load,low-temperature heat for industry,AL0 0,urban central heat,-40000.0
Load,low-temperature heat for industry,AT0 0,urban central heat,-1470000.0
Load,low-temperature heat for industry,BA0 0,urban central heat,-100000.0
Load,low-temperature heat for industry,BE0 0,urban central heat,-2290000.0
Load,low-temperature heat for industry,BG0 0,urban central heat,-490000.0
Load,low-temperature heat for industry,CH0 0,urban central heat,-590000.0
Load,low-temperature heat for industry,CZ0 0,urban central heat,-1410000.0
Load,low-temperature heat for industry,DE0 0,urban central heat,-7810000.0
Load,low-temperature heat for industry,DE0 1,urban central heat,-3980000.0
Load,low-temperature heat for industry,DK0 0,urban central heat,-460000.0
Load,low-temperature heat for industry,DK1 0,urban central heat,-140000.0
Load,low-temperature heat for industry,EE0 0,urban central heat,-160000.0
Load,low-temperature heat for industry,ES0 0,urban central heat,-4800000.0
Load,low-temperature heat for industry,ES6 0,urban central heat,-40000.0
Load,low-temperature heat for industry,FI1 0,urban central heat,-1870000.0
Load,low-temperature heat for industry,FR0 0,urban central heat,-6850000.0
Load,low-temperature heat for industry,FR5 0,services urban decentral heat,-10000.0
Load,low-temperature heat for industry,GB2 0,urban central heat,-4820000.0
Load,low-temperature heat for industry,GB3 0,urban central heat,-110000.0
Load,low-temperature heat for industry,GR0 0,urban central heat,-530000.0
Load,low-temperature heat for industry,HR0 0,urban central heat,-360000.0
Load,low-temperature heat for industry,HU0 0,urban central heat,-1090000.0
Load,low-temperature heat for industry,IE3 0,urban central heat,-530000.0
Load,low-temperature heat for industry,IT0 0,urban central heat,-6880000.0
Load,low-temperature heat for industry,IT4 0,urban central heat,-190000.0
Load,low-temperature heat for industry,LT0 0,urban central heat,-190000.0
Load,low-temperature heat for industry,LU0 0,urban central heat,-110000.0
Load,low-temperature heat for industry,LV0 0,urban central heat,-200000.0
Load,low-temperature heat for industry,ME0 0,urban central heat,-20000.0
Load,low-temperature heat for industry,MK0 0,urban central heat,-40000.0
Load,low-temperature heat for industry,NL0 0,urban central heat,-2580000.0
Load,low-temperature heat for industry,NO1 0,urban central heat,-870000.0
Load,low-temperature heat for industry,PL0 0,urban central heat,-2870000.0
Load,low-temperature heat for industry,PT0 0,urban central heat,-1200000.0
Load,low-temperature heat for industry,RO0 0,urban central heat,-1350000.0
Load,low-temperature heat for industry,RS0 0,urban central heat,-350000.0
Load,low-temperature heat for industry,SE1 0,urban central heat,-1820000.0
Load,low-temperature heat for industry,SI0 0,urban central heat,-250000.0
Load,low-temperature heat for industry,SK0 0,urban central heat,-570000.0
Load,low-temperature heat for industry,XK0 0,urban central heat,-30000.0
Load,naphtha for industry,EU,naphtha for industry,-276860000.0
Load,process emissions,EU,process emissions,123130000.0
Load,residential rural heat,AL0 0,residential rural heat,-1013656.48029
Load,residential rural heat,AT0 0,residential rural heat,-22511495.07671
Load,residential rural heat,BA0 0,residential rural heat,-4073029.85851
Load,residential rural heat,BE0 0,residential rural heat,-2997378.26427
Load,residential rural heat,BG0 0,residential rural heat,-2988039.50833
Load,residential rural heat,CH0 0,residential rural heat,-9417362.81377
Load,residential rural heat,CZ0 0,residential rural heat,-15098049.14152
Load,residential rural heat,DE0 0,residential rural heat,-41023368.41438
Load,residential rural heat,DE0 1,residential rural heat,-70415715.70823
Load,residential rural heat,DK0 0,residential rural heat,-2393037.77711
Load,residential rural heat,DK1 0,residential rural heat,-1047688.51452
Load,residential rural heat,EE0 0,residential rural heat,-2020530.57366
Load,residential rural heat,ES0 0,residential rural heat,-14270666.60967
Load,residential rural heat,ES6 0,residential rural heat,-98872.92478
Load,residential rural heat,FI1 0,residential rural heat,-7838546.98039
Load,residential rural heat,FR0 0,residential rural heat,-69318334.49592
Load,residential rural heat,FR5 0,residential rural heat,-1523386.76343
Load,residential rural heat,GB2 0,residential rural heat,-38981690.72935
Load,residential rural heat,GB3 0,residential rural heat,-4817963.54502
Load,residential rural heat,GR0 0,residential rural heat,-3460532.27892
Load,residential rural heat,HR0 0,residential rural heat,-6304835.72086
Load,residential rural heat,HU0 0,residential rural heat,-12559001.04641
Load,residential rural heat,IE3 0,residential rural heat,-7401730.86094
Load,residential rural heat,IT0 0,residential rural heat,-60134034.74067
Load,residential rural heat,IT4 0,residential rural heat,-4499214.58596
Load,residential rural heat,LT0 0,residential rural heat,-3399413.98131
Load,residential rural heat,LU0 0,residential rural heat,-306417.4232
Load,residential rural heat,LV0 0,residential rural heat,-2997393.28366
Load,residential rural heat,ME0 0,residential rural heat,-467397.76874
Load,residential rural heat,MK0 0,residential rural heat,-1299128.00926
Load,residential rural heat,NL0 0,residential rural heat,-4814497.91171
Load,residential rural heat,NO1 0,residential rural heat,-5225636.59602
Load,residential rural heat,PL0 0,residential rural heat,-64985327.99762
Load,residential rural heat,PT0 0,residential rural heat,-3700625.53669
Load,residential rural heat,RO0 0,residential rural heat,-22816147.39623
Load,residential rural heat,RS0 0,residential rural heat,-8234096.20701
Load,residential rural heat,SE1 0,residential rural heat,-9765759.5222
Load,residential rural heat,SI0 0,residential rural heat,-3900590.29007
Load,residential rural heat,SK0 0,residential rural heat,-8747828.46656
Load,residential rural heat,XK0 0,residential rural heat,-1040800.87635
Load,residential urban decentral heat,AL0 0,residential urban decentral heat,-650242.82483
Load,residential urban decentral heat,AT0 0,residential urban decentral heat,-12559927.53289
Load,residential urban decentral heat,BA0 0,residential urban decentral heat,-1615355.13924
Load,residential urban decentral heat,BE0 0,residential urban decentral heat,-25012544.93807
Load,residential urban decentral heat,BG0 0,residential urban decentral heat,-3683632.30014
Load,residential urban decentral heat,CH0 0,residential urban decentral heat,-14601171.3061
Load,residential urban decentral heat,CZ0 0,residential urban decentral heat,-16445753.10072
Load,residential urban decentral heat,DE0 0,residential urban decentral heat,-111874153.52836
Load,residential urban decentral heat,DE0 1,residential urban decentral heat,-46761071.65939
Load,residential urban decentral heat,DK0 0,residential urban decentral heat,-10176889.91948
Load,residential urban decentral heat,DK1 0,residential urban decentral heat,-6012960.93967
Load,residential urban decentral heat,EE0 0,residential urban decentral heat,-1951226.70047
Load,residential urban decentral heat,ES0 0,residential urban decentral heat,-23924877.43089
Load,residential urban decentral heat,ES6 0,residential urban decentral heat,-452952.29287
Load,residential urban decentral heat,FI1 0,residential urban decentral heat,-18887927.21518
Load,residential urban decentral heat,FR0 0,residential urban decentral heat,-118805817.18702
Load,residential urban decentral heat,FR5 0,residential urban decentral heat,0.0
Load,residential urban decentral heat,GB2 0,residential urban decentral heat,-95802755.03116
Load,residential urban decentral heat,GB3 0,residential urban decentral heat,-1094258.59662
Load,residential urban decentral heat,GR0 0,residential urban decentral heat,-6213416.95113
Load,residential urban decentral heat,HR0 0,residential urban decentral heat,-3545697.9382
Load,residential urban decentral heat,HU0 0,residential urban decentral heat,-12121514.4434
Load,residential urban decentral heat,IE3 0,residential urban decentral heat,-5689103.39005
Load,residential urban decentral heat,IT0 0,residential urban decentral heat,-67257291.94527
Load,residential urban decentral heat,IT4 0,residential urban decentral heat,-521738.69374
Load,residential urban decentral heat,LT0 0,residential urban decentral heat,-3024095.68668
Load,residential urban decentral heat,LU0 0,residential urban decentral heat,-1355940.94854
Load,residential urban decentral heat,LV0 0,residential urban decentral heat,-2471552.86456
Load,residential urban decentral heat,ME0 0,residential urban decentral heat,-346416.98159
Load,residential urban decentral heat,MK0 0,residential urban decentral heat,-775597.71954
Load,residential urban decentral heat,NL0 0,residential urban decentral heat,-32342227.78158
Load,residential urban decentral heat,NO1 0,residential urban decentral heat,-10575244.68805
Load,residential urban decentral heat,PL0 0,residential urban decentral heat,-39257335.21109
Load,residential urban decentral heat,PT0 0,residential urban decentral heat,-2903166.63116
Load,residential urban decentral heat,RO0 0,residential urban decentral heat,-11068783.9565
Load,residential urban decentral heat,RS0 0,residential urban decentral heat,-4233711.09767
Load,residential urban decentral heat,SE1 0,residential urban decentral heat,-28358313.77033
Load,residential urban decentral heat,SI0 0,residential urban decentral heat,-2097597.22804
Load,residential urban decentral heat,SK0 0,residential urban decentral heat,-4868388.11238
Load,residential urban decentral heat,XK0 0,residential urban decentral heat,-670569.96147
Load,services rural heat,AL0 0,services rural heat,-379407.11566
Load,services rural heat,AT0 0,services rural heat,-7262600.21948
Load,services rural heat,BA0 0,services rural heat,-1114111.24374
Load,services rural heat,BE0 0,services rural heat,-1334274.37254
Load,services rural heat,BG0 0,services rural heat,-1113734.99459
Load,services rural heat,CH0 0,services rural heat,-4218912.24109
Load,services rural heat,CZ0 0,services rural heat,-4810935.8739
Load,services rural heat,DE0 0,services rural heat,-15263345.91146
Load,services rural heat,DE0 1,services rural heat,-26199199.82194
Load,services rural heat,DK0 0,services rural heat,-638214.19287
Load,services rural heat,DK1 0,services rural heat,-279414.59432
Load,services rural heat,EE0 0,services rural heat,-690407.95943
Load,services rural heat,ES0 0,services rural heat,-6189160.60538
Load,services rural heat,ES6 0,services rural heat,-42880.99693
Load,services rural heat,FI1 0,services rural heat,-2676576.1026
Load,services rural heat,FR0 0,services rural heat,-25141050.75973
Load,services rural heat,FR5 0,services rural heat,-552516.79407
Load,services rural heat,GB2 0,services rural heat,-13652427.62307
Load,services rural heat,GB3 0,services rural heat,-1687379.3147
Load,services rural heat,GR0 0,services rural heat,-1655891.86621
Load,services rural heat,HR0 0,services rural heat,-1413205.56532
Load,services rural heat,HU0 0,services rural heat,-4054774.63044
Load,services rural heat,IE3 0,services rural heat,-3047520.11841
Load,services rural heat,IT0 0,services rural heat,-31819165.42712
Load,services rural heat,IT4 0,services rural heat,-2380702.60578
Load,services rural heat,LT0 0,services rural heat,-906267.63935
Load,services rural heat,LU0 0,services rural heat,-204634.31808
Load,services rural heat,LV0 0,services rural heat,-1155242.3614
Load,services rural heat,ME0 0,services rural heat,-55116.75717
Load,services rural heat,MK0 0,services rural heat,-435252.70162
Load,services rural heat,NL0 0,services rural heat,-2595750.82078
Load,services rural heat,NO1 0,services rural heat,-4203460.57128
Load,services rural heat,PL0 0,services rural heat,-18170035.87671
Load,services rural heat,PT0 0,services rural heat,-3564151.13339
Load,services rural heat,RO0 0,services rural heat,-4525745.9865
Load,services rural heat,RS0 0,services rural heat,-2073089.39857
Load,services rural heat,SE1 0,services rural heat,-2905262.97491
Load,services rural heat,SI0 0,services rural heat,-1168678.57827
Load,services rural heat,SK0 0,services rural heat,-4715380.12163
Load,services rural heat,XK0 0,services rural heat,-272567.69102
Load,services urban decentral heat,AL0 0,services urban decentral heat,-243382.99951
Load,services urban decentral heat,AT0 0,services urban decentral heat,-4052051.28074
Load,services urban decentral heat,BA0 0,services urban decentral heat,-441854.19351
Load,services urban decentral heat,BE0 0,services urban decentral heat,-11134262.93265
Load,services urban decentral heat,BG0 0,services urban decentral heat,-1373004.00092
Load,services urban decentral heat,CH0 0,services urban decentral heat,-6541221.95096
Load,services urban decentral heat,CZ0 0,services urban decentral heat,-5240376.60919
Load,services urban decentral heat,DE0 0,services urban decentral heat,-41624419.687
Load,services urban decentral heat,DE0 1,services urban decentral heat,-17398142.5591
Load,services urban decentral heat,DK0 0,services urban decentral heat,-2714138.34251
Load,services urban decentral heat,DK1 0,services urban decentral heat,-1603634.11292
Load,services urban decentral heat,EE0 0,services urban decentral heat,-666727.07764
Load,services urban decentral heat,ES0 0,services urban decentral heat,-10376173.23239
Load,services urban decentral heat,ES6 0,services urban decentral heat,-196444.53646
Load,services urban decentral heat,FI1 0,services urban decentral heat,-6449533.91722
Load,services urban decentral heat,FR0 0,services urban decentral heat,-43089654.44959
Load,services urban decentral heat,FR5 0,services urban decentral heat,0.0
Load,services urban decentral heat,GB2 0,services urban decentral heat,-33552679.59603
Load,services urban decentral heat,GB3 0,services urban decentral heat,-383238.54127
Load,services urban decentral heat,GR0 0,services urban decentral heat,-2973168.79643
Load,services urban decentral heat,HR0 0,services urban decentral heat,-794755.05486
Load,services urban decentral heat,HU0 0,services urban decentral heat,-3913528.5574
Load,services urban decentral heat,IE3 0,services urban decentral heat,-2342378.74392
Load,services urban decentral heat,IT0 0,services urban decentral heat,-35588347.06196
Load,services urban decentral heat,IT4 0,services urban decentral heat,-276071.44403
Load,services urban decentral heat,LT0 0,services urban decentral heat,-806209.56265
Load,services urban decentral heat,LU0 0,services urban decentral heat,-905536.14237
Load,services urban decentral heat,LV0 0,services urban decentral heat,-952575.22033
Load,services urban decentral heat,ME0 0,services urban decentral heat,-40850.38896
Load,services urban decentral heat,MK0 0,services urban decentral heat,-259851.99333
Load,services urban decentral heat,NL0 0,services urban decentral heat,-17437407.98096
Load,services urban decentral heat,NO1 0,services urban decentral heat,-8506642.82925
Load,services urban decentral heat,PL0 0,services urban decentral heat,-10976434.39202
Load,services urban decentral heat,PT0 0,services urban decentral heat,-2796101.50669
Load,services urban decentral heat,RO0 0,services urban decentral heat,-2195572.44686
Load,services urban decentral heat,RS0 0,services urban decentral heat,-1065916.81376
Load,services urban decentral heat,SE1 0,services urban decentral heat,-8436451.75172
Load,services urban decentral heat,SI0 0,services urban decentral heat,-628473.32428
Load,services urban decentral heat,SK0 0,services urban decentral heat,-2624228.47193
Load,services urban decentral heat,XK0 0,services urban decentral heat,-175610.63814
Load,shipping methanol,EU,shipping methanol,-502969704.58577
Load,solid biomass for industry,EU,solid biomass for industry,-748220000.0
Load,urban central heat,AL0 0,urban central heat,-1541504.54699
Load,urban central heat,AT0 0,urban central heat,-28655663.45352
Load,urban central heat,BA0 0,urban central heat,-3548686.09899
Load,urban central heat,BE0 0,urban central heat,-62353243.57698
Load,urban central heat,BG0 0,urban central heat,-8722697.61933
Load,urban central heat,CH0 0,urban central heat,-36470628.36844
Load,urban central heat,CZ0 0,urban central heat,-37408573.74959
Load,urban central heat,DE0 0,urban central heat,-264785038.7965
Load,urban central heat,DE0 1,urban central heat,-110674644.52689
Load,urban central heat,DK0 0,urban central heat,-22237023.75193
Load,urban central heat,DK1 0,urban central heat,-13138626.46572
Load,urban central heat,EE0 0,urban central heat,-4515970.26725
Load,urban central heat,ES0 0,urban central heat,-59169312.39416
Load,urban central heat,ES6 0,urban central heat,-1120209.53061
Load,urban central heat,FI1 0,urban central heat,-43707120.45339
Load,urban central heat,FR0 0,urban central heat,-279269688.57314
Load,urban central heat,GB2 0,urban central heat,-223138124.73191
Load,urban central heat,GB3 0,urban central heat,-2548682.56285
Load,urban central heat,GR0 0,urban central heat,-15846860.41453
Load,urban central heat,HR0 0,urban central heat,-7487281.41303
Load,urban central heat,HU0 0,urban central heat,-27660449.17638
Load,urban central heat,IE3 0,urban central heat,-13854306.6811
Load,urban central heat,IT0 0,urban central heat,-177408727.28746
Load,urban central heat,IT4 0,urban central heat,-1376222.48766
Load,urban central heat,LT0 0,urban central heat,-6607276.55509
Load,urban central heat,LU0 0,urban central heat,-3901047.98182
Load,urban central heat,LV0 0,urban central heat,-5906620.94643
Load,urban central heat,ME0 0,urban central heat,-668036.21421
Load,urban central heat,MK0 0,urban central heat,-1786150.75471
Load,urban central heat,NL0 0,urban central heat,-85869871.69038
Load,urban central heat,NO1 0,urban central heat,-32916255.96735
Load,urban central heat,PL0 0,urban central heat,-86653252.56537
Load,urban central heat,PT0 0,urban central heat,-9831237.53779
Load,urban central heat,RO0 0,urban central heat,-22881014.79579
Load,urban central heat,RS0 0,urban central heat,-9141858.14722
Load,urban central heat,SE1 0,urban central heat,-63470970.52552
Load,urban central heat,SI0 0,urban central heat,-4702471.70276
Load,urban central heat,SK0 0,urban central heat,-12924763.60793
Load,urban central heat,XK0 0,urban central heat,-1459661.53433
StorageUnit,PHS,AT0 0,AC,-4343106.57381
StorageUnit,PHS,BA0 0,AC,-204529.85359
StorageUnit,PHS,BE0 0,AC,-531744.08819
StorageUnit,PHS,BG0 0,AC,-611435.57894
StorageUnit,PHS,CH0 0,AC,-3726321.94238
StorageUnit,PHS,CZ0 0,AC,-300437.9688
StorageUnit,PHS,DE0 0,AC,-1104192.85254
StorageUnit,PHS,DE0 1,AC,-974499.601
StorageUnit,PHS,ES0 0,AC,-6829845.14232
StorageUnit,PHS,ES6 0,AC,-1043560.17798
StorageUnit,PHS,FR0 0,AC,-2684672.27492
StorageUnit,PHS,GB3 0,AC,-317973.90069
StorageUnit,PHS,GR0 0,AC,-455136.6093
StorageUnit,PHS,HR0 0,AC,-196214.47074
StorageUnit,PHS,IE3 0,AC,-263760.32908
StorageUnit,PHS,IT0 0,AC,-5203249.38691
StorageUnit,PHS,IT4 0,AC,-614210.04881
StorageUnit,PHS,LT0 0,AC,-408667.07218
StorageUnit,PHS,LU0 0,AC,-495787.69438
StorageUnit,PHS,ME0 0,AC,-204823.66567
StorageUnit,PHS,NO1 0,AC,-251850.61717
StorageUnit,PHS,PL0 0,AC,-728639.4684
StorageUnit,PHS,PT0 0,AC,-3134086.24125
StorageUnit,PHS,RS0 0,AC,-354177.41686
StorageUnit,PHS,SE1 0,AC,-96610.61587
StorageUnit,PHS,SI0 0,AC,-130535.25417
StorageUnit,PHS,SK0 0,AC,-389014.79085
StorageUnit,hydro,AL0 0,AC,5261824.98761
StorageUnit,hydro,AT0 0,AC,17592119.47976
StorageUnit,hydro,BA0 0,AC,6371986.93011
StorageUnit,hydro,BE0 0,AC,45384.60352
StorageUnit,hydro,BG0 0,AC,3368517.3197
StorageUnit,hydro,CH0 0,AC,22965273.06601
StorageUnit,hydro,CZ0 0,AC,2255987.11754
StorageUnit,hydro,ES0 0,AC,29250853.69669
StorageUnit,hydro,ES6 0,AC,2833172.77852
StorageUnit,hydro,FI1 0,AC,4943961.55181
StorageUnit,hydro,FR0 0,AC,25839347.5034
StorageUnit,hydro,FR5 0,AC,9312075.24932
StorageUnit,hydro,GB3 0,AC,228754.71479
StorageUnit,hydro,GR0 0,AC,5421668.57864
StorageUnit,hydro,HR0 0,AC,6351497.18568
StorageUnit,hydro,HU0 0,AC,93469.40393
StorageUnit,hydro,IE3 0,AC,1612.76091
StorageUnit,hydro,IT0 0,AC,15823190.64403
StorageUnit,hydro,IT4 0,AC,361585.83467
StorageUnit,hydro,ME0 0,AC,1588737.14469
StorageUnit,hydro,MK0 0,AC,841452.49213
StorageUnit,hydro,NO1 0,AC,110648430.55991
StorageUnit,hydro,PL0 0,AC,880775.64709
StorageUnit,hydro,PT0 0,AC,4990687.98914
StorageUnit,hydro,RO0 0,AC,7471332.96284
StorageUnit,hydro,RS0 0,AC,2648536.01858
StorageUnit,hydro,SE1 0,AC,48759135.77748
StorageUnit,hydro,SI0 0,AC,2142674.78412
StorageUnit,hydro,SK0 0,AC,712911.69754
StorageUnit,hydro,XK0 0,AC,54704.33236
Store,EV battery,AL0 0,EV battery,-4.71021
Store,EV battery,AT0 0,EV battery,-5.71182
Store,EV battery,BA0 0,EV battery,-5.36888
Store,EV battery,BE0 0,EV battery,-4.70341
Store,EV battery,BG0 0,EV battery,-5.71981
Store,EV battery,CH0 0,EV battery,-6.27719
Store,EV battery,CZ0 0,EV battery,-6.245
Store,EV battery,DE0 0,EV battery,-5.90849
Store,EV battery,DE0 1,EV battery,-5.94665
Store,EV battery,DK0 0,EV battery,-4.2996
Store,EV battery,DK1 0,EV battery,-4.20809
Store,EV battery,EE0 0,EV battery,-5.49577
Store,EV battery,ES0 0,EV battery,-5.66713
Store,EV battery,ES6 0,EV battery,-4.92469
Store,EV battery,FI1 0,EV battery,-6.59671
Store,EV battery,FR0 0,EV battery,-5.62968
Store,EV battery,FR5 0,EV battery,-8.00823
Store,EV battery,GB2 0,EV battery,-5.22123
Store,EV battery,GB3 0,EV battery,-4.75507
Store,EV battery,GR0 0,EV battery,-5.41871
Store,EV battery,HR0 0,EV battery,-4.78601
Store,EV battery,HU0 0,EV battery,-5.07531
Store,EV battery,IE3 0,EV battery,-4.98813
Store,EV battery,IT0 0,EV battery,-4.35388
Store,EV battery,IT4 0,EV battery,-4.18204
Store,EV battery,LT0 0,EV battery,-5.20538
Store,EV battery,LU0 0,EV battery,-4.837
Store,EV battery,LV0 0,EV battery,-5.24475
Store,EV battery,ME0 0,EV battery,-5.08177
Store,EV battery,MK0 0,EV battery,-4.79437
Store,EV battery,NL0 0,EV battery,-4.75225
Store,EV battery,NO1 0,EV battery,-6.46496
Store,EV battery,PL0 0,EV battery,-6.36466
Store,EV battery,PT0 0,EV battery,-5.17844
Store,EV battery,RO0 0,EV battery,-5.60628
Store,EV battery,RS0 0,EV battery,-5.40015
Store,EV battery,SE1 0,EV battery,-6.40964
Store,EV battery,SI0 0,EV battery,-5.17204
Store,EV battery,SK0 0,EV battery,-5.11267
Store,EV battery,XK0 0,EV battery,-4.74905
Store,H2 Store,AT0 0,H2,-0.0
Store,H2 Store,BE0 0,H2,0.0
Store,H2 Store,BG0 0,H2,0.0
Store,H2 Store,CH0 0,H2,-0.0
Store,H2 Store,CZ0 0,H2,-0.0
Store,H2 Store,EE0 0,H2,0.0
Store,H2 Store,ES6 0,H2,-0.0
Store,H2 Store,FI1 0,H2,-0.0
Store,H2 Store,FR5 0,H2,0.0
Store,H2 Store,HR0 0,H2,-0.0
Store,H2 Store,HU0 0,H2,-0.0
Store,H2 Store,IE3 0,H2,0.0
Store,H2 Store,IT0 0,H2,0.0
Store,H2 Store,IT4 0,H2,0.0
Store,H2 Store,LT0 0,H2,0.0
Store,H2 Store,LU0 0,H2,-0.0
Store,H2 Store,LV0 0,H2,-0.0
Store,H2 Store,ME0 0,H2,-0.0
Store,H2 Store,MK0 0,H2,0.0
Store,H2 Store,RS0 0,H2,0.0
Store,H2 Store,SE1 0,H2,0.0
Store,H2 Store,SI0 0,H2,-0.0
Store,H2 Store,SK0 0,H2,-0.0
Store,H2 Store,XK0 0,H2,-0.0
Store,battery,AL0 0,battery,-0.0
Store,battery,AT0 0,battery,0.0
Store,battery,BA0 0,battery,0.0
Store,battery,BE0 0,battery,0.0
Store,battery,BG0 0,battery,0.0
Store,battery,CH0 0,battery,0.0
Store,battery,CZ0 0,battery,-0.0
Store,battery,DE0 0,battery,0.0
Store,battery,DE0 1,battery,-0.0
Store,battery,DK0 0,battery,-0.0
Store,battery,DK1 0,battery,0.0
Store,battery,EE0 0,battery,-0.0
Store,battery,ES0 0,battery,-0.0
Store,battery,ES6 0,battery,0.0
Store,battery,FI1 0,battery,-0.0
Store,battery,FR0 0,battery,-0.0
Store,battery,FR5 0,battery,-0.0
Store,battery,GB2 0,battery,-0.0
Store,battery,GB3 0,battery,0.0
Store,battery,GR0 0,battery,-0.0
Store,battery,HR0 0,battery,0.0
Store,battery,HU0 0,battery,0.0
Store,battery,IE3 0,battery,-0.0
Store,battery,IT0 0,battery,-0.0
Store,battery,IT4 0,battery,0.0
Store,battery,LT0 0,battery,0.0
Store,battery,LU0 0,battery,-0.0
Store,battery,LV0 0,battery,-0.0
Store,battery,ME0 0,battery,0.0
Store,battery,MK0 0,battery,-0.0
Store,battery,NL0 0,battery,0.0
Store,battery,NO1 0,battery,-0.0
Store,battery,PL0 0,battery,0.0
Store,battery,PT0 0,battery,-0.0
Store,battery,RO0 0,battery,0.0
Store,battery,RS0 0,battery,-0.0
Store,battery,SE1 0,battery,-0.0
Store,battery,SI0 0,battery,-0.0
Store,battery,SK0 0,battery,-0.0
Store,battery,XK0 0,battery,0.0
Store,co2,EU,co2,-37.61685
Store,co2 sequestered,EU,co2 sequestered,-143823485.89473
Store,co2 stored,EU,co2 stored,-0.0
Store,gas,EU,gas,0.0
Store,home battery,AL0 0,home battery,-0.0
Store,home battery,AT0 0,home battery,-0.0
Store,home battery,BA0 0,home battery,0.0
Store,home battery,BE0 0,home battery,-0.0
Store,home battery,BG0 0,home battery,0.0
Store,home battery,CH0 0,home battery,-0.0
Store,home battery,CZ0 0,home battery,-0.0
Store,home battery,DE0 0,home battery,-0.0
Store,home battery,DE0 1,home battery,0.0
Store,home battery,DK0 0,home battery,-0.0
Store,home battery,DK1 0,home battery,0.0
Store,home battery,EE0 0,home battery,0.0
Store,home battery,ES0 0,home battery,-0.0
Store,home battery,ES6 0,home battery,-0.0
Store,home battery,FI1 0,home battery,0.0
Store,home battery,FR0 0,home battery,0.0
Store,home battery,FR5 0,home battery,-0.0
Store,home battery,GB2 0,home battery,0.0
Store,home battery,GB3 0,home battery,0.0
Store,home battery,GR0 0,home battery,-0.0
Store,home battery,HR0 0,home battery,-0.0
Store,home battery,HU0 0,home battery,0.0
Store,home battery,IE3 0,home battery,0.0
Store,home battery,IT0 0,home battery,0.0
Store,home battery,IT4 0,home battery,0.0
Store,home battery,LT0 0,home battery,0.0
Store,home battery,LU0 0,home battery,0.0
Store,home battery,LV0 0,home battery,0.0
Store,home battery,ME0 0,home battery,-0.0
Store,home battery,MK0 0,home battery,0.0
Store,home battery,NL0 0,home battery,0.0
Store,home battery,NO1 0,home battery,0.0
Store,home battery,PL0 0,home battery,-0.0
Store,home battery,PT0 0,home battery,-0.0
Store,home battery,RO0 0,home battery,0.0
Store,home battery,RS0 0,home battery,0.0
Store,home battery,SE1 0,home battery,0.0
Store,home battery,SI0 0,home battery,-0.0
Store,home battery,SK0 0,home battery,0.0
Store,home battery,XK0 0,home battery,-0.0
Store,methanol,EU,methanol,-0.0
Store,non-sequestered HVC,EU,non-sequestered HVC,117504290.159
Store,oil,EU,oil,0.0
